entry,take,dice,fpfn_ratio,log_ratio,s1,s2,tp,fp,fn
SG,0,0.7979186793444178,1.4891440501043842,0.39820149187307724,28329,30672,23539,7133,4790
SG,1,0.7042059871258046,0.8262379421221865,-0.1908724814208373,24677,23326,16902,6424,7775
SG,2,0.7708805015798771,0.08507128549546365,-2.464265721076851,23979,16214,15492,722,8487
SG,3,0.813806384316033,0.6453557078704798,-0.43795362912785907,38889,35888,30427,5461,8462
SG,4,0.8022518671462907,0.36849743246260325,-0.9983215349140524,33825,28168,24867,3301,8958
SG,5,0.7271782435475489,0.20624952132955504,-1.5786685745964395,34047,23683,20990,2693,13057
SG,6,0.8088227561911773,0.9299363057324841,-0.0726391836399716,38302,37774,30766,7008,7536
SG,7,0.7958347294893935,0.6281603288797534,-0.46495984433369425,40606,36988,30876,6112,9730
SG,8,0.7388761669896072,0.6505957020376351,-0.4298668711165126,29954,26816,20973,5843,8981
SG,9,0.8199412174952675,0.6639429163309932,-0.40955910258231654,41608,38688,32919,5769,8689
SG,10,0.8305441286462228,0.06727513616958634,-2.698964558297097,24560,18224,17767,457,6793
SG,11,0.8625137084691309,0.22704714640198512,-1.4825975896652073,35174,29567,27920,1647,7254
SG,12,0.7574643797077775,0.24548526156355588,-1.404518367914031,50552,37600,33386,4214,17166
SG,13,0.7849237802371282,1.6540178571428572,0.5032073928811017,28794,32017,23866,8151,4928
SG,14,0.7890425361038506,0.3039985558263381,-1.1907323281584556,38097,30386,27018,3368,11079
SG,15,0.836562612127736,0.5490562829450774,-0.5995543237016808,29196,26544,23315,3229,5881
SG,16,0.8323955713433765,0.5465964828328748,-0.6040444401358845,40462,36672,32103,4569,8359
SG,17,0.6833341393039638,0.3036697856526644,-1.1918143993585206,36265,25772,21196,4576,15069
SG,18,0.7846674867495862,2.9287891382654476,1.0745890742214947,29443,36404,25834,10570,3609
SG,19,0.7828892619899263,0.21554683668464933,-1.5345770534492236,39046,29449,26812,2637,12234
SG,20,0.5203181309804896,11.167060677698975,2.412968434110483,9643,22545,8374,14171,1269
SG,21,0.7531808821935624,1.488417832167832,0.3977136981816845,21950,24185,17374,6811,4576
SG,22,0.7899126680404278,0.5545067939010476,-0.589676219965516,37816,33521,28175,5346,9641
SG,23,0.8128669311215291,0.6644855016679497,-0.408742219474763,35970,33355,28176,5179,7794
SG,24,0.5481738665954463,17.438692098092645,2.858691421293193,8944,21010,8210,12800,734
SG,25,0.7899686520376176,4.315296989422294,1.46216614937949,27028,35177,24570,10607,2458
SG,26,0.7741758467891293,0.8957733502245767,-0.11006785534495261,36899,35994,28216,7778,8683
SG,27,0.834371260409798,0.23230671390933041,-1.4596967377322052,45172,36722,34165,2557,11007
SG,28,0.7449077690320255,0.8965825329461693,-0.1091649288846821,33749,32823,24795,8028,8954
SG,29,0.8126018866196538,0.4786818904465963,-0.7367190139936608,29101,25494,22182,3312,6919
SG,30,0.7454218443427076,0.5081729022884126,-0.6769335304771262,26495,22433,18236,4197,8259
SG,31,0.7770800880052675,0.7628905257810515,-0.27064073665352145,32068,30201,24194,6007,7874
SG,32,0.7959625838425511,0.5303104018682495,-0.6342927799677833,40953,36126,30676,5450,10277
SG,33,0.8430043635688422,1.0461538461538462,0.04512043528046964,37565,37832,31780,6052,5785
SG,34,0.7100442459579043,3.4662420382165604,1.2430710210008378,20311,28055,17171,10884,3140
SG,35,0.8342026093398037,0.7276307498424701,-0.31796157121569424,33938,32209,27590,4619,6348
SG,36,0.8042391638938157,0.3712906869288428,-0.9907700004491321,37172,31049,27433,3616,9739
SG,37,0.8363469119579501,0.7437692523102772,-0.296024436998124,38965,37135,31823,5312,7142
SG,38,0.722868245472542,0.3718786295005807,-0.9891877427283098,38424,29771,24648,5123,13776
SG,39,0.77710766072116,0.7014815721807273,-0.35456064894969797,32391,29953,24224,5729,8167
SG,40,0.7623839613074342,0.30519550080342794,-1.1868027214779147,28881,22395,19546,2849,9335
SG,41,0.694831634321039,3.1782299084435404,1.156324409249742,28294,39000,23379,15621,4915
SG,42,0.7095446250477443,0.720030158331239,-0.32846218127808874,24677,22449,16719,5730,7958
SG,43,0.8372380269344171,1.7545515846257587,0.5622133169345185,23979,26217,21013,5204,2966
SG,44,0.7754500136246333,0.42686901609289063,-0.8512780666929263,34007,28380,24189,4191,9818
SG,45,0.8015561048749849,0.7019230769230769,-0.3539314579929816,38302,35729,29670,6059,8632
SG,46,0.7473625763464742,0.23581029319590502,-1.4447276396012962,40606,29633,26247,3386,14359
SG,47,0.8060995932409912,0.45248322147651004,-0.7930045961395445,29943,25864,22493,3371,7450
SG,48,0.7479008936082409,2.034581581964081,0.7102901869252927,28794,34209,23560,10649,5234
SG,49,0.8129486547208066,0.6204604794683124,-0.4772933677948492,38097,34899,29671,5228,8426
SG,50,0.8013303194782383,0.5770285714285714,-0.5498634964927444,36579,32878,27829,5049,8750
SG,51,0.7745372431779148,1.7854616895874262,0.5796770314163641,29443,33441,24353,9088,5090
SG,52,0.793032157125695,0.3897382984710627,-0.9422797946609266,39046,32540,28385,4155,10661
SG,53,0.3245828387907561,6.165925925925926,1.81903831608105,7349,21297,4649,16648,2700
SG,54,0.7485968647184053,3.9770114942528734,1.3805306564031405,21950,29720,19340,10380,2610
SG,55,0.7172055730809674,0.3144951886360165,-1.1567865014133019,34920,25944,21826,4118,13094
SG,56,0.787527577584939,0.5705588171341596,-0.5611390174759442,35970,32020,26772,5248,9198
SG,57,0.4335266047513982,43.69635627530364,3.7772647181973693,8943,30035,8449,21586,494
SG,58,0.7157855522064551,2.215325670498084,0.7953994222595522,26355,32699,21135,11564,5220
SG,59,0.7235614179719703,0.4200050817311764,-0.8674884684179759,33749,26901,21942,4959,11807
SG,60,0.7667892198198806,1.1714824120603016,0.15826996567358764,29101,30193,22733,7460,6368
SG,61,0.6977496078619674,3.310431408354257,1.1970785157463515,26178,36300,21797,14503,4381
SG,62,0.7723773071864517,1.5952822240943556,0.4670506635901062,32068,35601,26133,9468,5935
SG,63,0.6518844023944578,6.938139059304704,1.9370335914866081,16494,28109,14538,13571,1956
SG,64,0.7930458342741025,0.33072009291521487,-1.1064829021004392,36675,29760,26343,3417,10332
SG,65,0.7365074481450145,1.119406063105795,0.11279824384940741,38424,39582,28726,10856,9698
SG,66,0.7286203565469395,0.17044163320960534,-1.7693623680822936,33943,22992,20742,2250,13201
SG,67,0.8077104612305775,0.321011673151751,-1.1362777915545845,29101,23866,21391,2475,7710
SG,68,0.7274547364518321,0.9139906266273217,-0.08993496291173123,40953,39962,29431,10531,11522
SG,69,0.8106192508590007,0.6102449888641426,-0.493894781354184,33938,30963,26305,4658,7633
SF,0,0.7455465966622914,1.3103234793375638,0.27027403752270346,28329,30334,21868,8466,6461
SF,1,0.8167566178360318,0.08960822450680744,-2.4123081718432036,24677,18124,17479,645,7198
SF,2,0.7860838372921888,0.3510020331106593,-1.0469632631949861,23979,19510,17093,2417,6886
SF,3,0.8151647878222158,0.22499286190158943,-1.4916866021627864,38889,30746,28382,2364,10507
SF,4,0.7920552576358125,1.1465102286401925,0.13672274489852135,33825,34799,27177,7622,6648
SF,5,0.7971084962235405,0.32367558422332665,-1.1280135480700997,34047,27651,24590,3061,9457
SF,6,0.8295357107715663,0.378851620238772,-0.9706106538849253,38302,32839,29507,3332,8795
SF,7,0.8194045525286906,0.7351081935327012,-0.3077375885171565,40606,38427,32380,6047,8226
SF,8,0.7481530621475742,2.247909780283881,0.8100007979004055,29954,36372,24811,11561,5143
SF,9,0.8367083848095827,0.16319112301511382,-1.8128332312212427,41608,32860,31154,1706,10454
SF,10,0.707068215059827,2.695642507781236,0.9916365832864229,24560,32187,20062,12125,4498
SF,11,0.8107430153100943,0.8608079376328844,-0.1498838683893391,35174,34192,28119,6073,7055
SF,12,0.814711041002504,0.23289782736347622,-1.4571554307593286,50552,40101,36928,3173,13624
SF,13,0.7930932652387652,0.9964800536372779,-0.0035261559498116555,28794,28773,22828,5945,5966
SF,14,0.7892679057116954,0.4528762574470163,-0.7921363531833558,38097,32495,27858,4637,10239
SF,15,0.6889469526645197,0.25990647304947084,-1.34743343172152,29196,20175,17007,3168,12189
SF,16,0.8718935547987694,0.6789447486311598,-0.38721552641152696,40462,38527,34435,4092,6027
SF,17,0.8279504259441097,1.5589105979869746,0.44398724268850936,36265,39097,31198,7899,5067
SF,18,0.8221245304132363,1.9839098954143202,0.6850695922135784,29443,33112,25714,7398,3729
SF,19,0.837564592226466,0.25439167208848407,-1.36888018355323,39046,32170,29824,2346,9222
SF,20,0.42567816374125445,5.9139268562984855,1.7773100534637933,9643,22945,6936,16009,2707
SF,21,0.7901228584583323,0.5337347264034,-0.6278563304863959,21950,19317,16303,3014,5647
SF,22,0.7855936972425436,0.17572977481234361,-1.738807834217371,37816,27933,25826,2107,11990
SF,23,0.8097315486205202,0.45579858737753476,-0.7857042613909443,35970,31193,27192,4001,8778
SF,24,0.4435386554396503,29.787833827893174,3.3941000493412714,8944,28347,8270,20077,674
SF,25,0.8215745512706594,1.5658062867365192,0.44840089051524207,27028,29242,23115,6127,3913
SF,26,0.8163934426229508,0.7581481974191832,-0.2768764013424694,36899,35081,29382,5699,7517
SF,27,0.766692127373772,0.10290730249642034,-2.273926671736742,45172,30762,29109,1653,16063
SF,28,0.7596737982039091,0.35549348230912475,-1.034248363777163,33749,26827,23009,3818,10740
SF,29,0.8296479487925517,0.48958498966449354,-0.714197206619003,29101,25891,22812,3079,6289
SF,30,0.7601397539115905,0.23070927513639908,-1.466596910291576,26495,19586,17514,2072,8981
SF,31,0.7592522420108627,0.9002991026919243,-0.10502823454495008,32068,31268,24044,7224,8024
SF,32,0.7888815178452966,0.41767640769779046,-0.8730482905254483,40953,34417,29729,4688,11224
SF,33,0.8598869436364635,0.6394284796917643,-0.4471805020725013,37565,35319,31336,3983,6229
SF,34,0.6923383137390197,0.5952937938626669,-0.5187002241036317,20311,17370,13044,4326,7267
SF,35,0.8067538583108903,0.3426330532212885,-1.0710952201588322,33938,28071,25013,3058,8925
SF,36,0.8432960498371797,0.49749695575700176,-0.6981658414836147,37172,33458,29781,3677,7391
SF,37,0.8137430198333012,0.44324842800809977,-0.813624880547138,38965,33741,29582,4159,9383
SF,38,0.7217464832039358,0.21055447796134039,-1.558010856676634,38424,26621,23473,3148,14951
SF,39,0.8279619928248698,1.381753948462178,0.32335366930788545,32391,34228,27579,6649,4812
SF,40,0.7927647961114763,0.1580763664699989,-1.8446770306339002,28881,21318,19898,1420,8983
SF,41,0.7645659071243149,0.84255079006772,-0.17132133362583593,28294,27178,21206,5972,7088
SF,42,0.8167566178360318,0.08960822450680744,-2.4123081718432036,24677,18124,17479,645,7198
SF,43,0.772539184952978,0.980349344978166,-0.019846296371930656,23979,23871,18483,5388,5496
SF,44,0.7870412395336098,0.5352589416676069,-0.6250046460608366,34007,29888,25144,4744,8863
SF,45,0.7761087084474243,1.1943817406571358,0.17762867966545312,38302,39852,30328,9524,7974
SF,46,0.7871728221737256,0.24570824180294523,-1.4036104558460656,40606,31335,28315,3020,12291
SF,47,0.7684142864206484,1.1186670687575393,0.11213785937439508,29943,30730,23311,7419,6632
SF,48,0.7930932652387652,0.9964800536372779,-0.0035261559498116555,28794,28773,22828,5945,5966
SF,49,0.7892679057116954,0.4528762574470163,-0.7921363531833558,38097,32495,27858,4637,10239
SF,50,0.8483904609608566,0.7953235633130249,-0.22900624925095694,36579,35336,30506,4830,6073
SF,51,0.8437716701902749,1.0531229162036009,0.05175995587755856,29443,29682,24944,4738,4499
SF,52,0.8355982717070458,0.18282548476454294,-1.6992232163064553,39046,31081,29299,1782,9747
SF,53,0.36422732831305915,10.689940828402367,2.3693031897926695,7349,23725,5659,18066,1690
SF,54,0.8412524914807432,2.1871772805507743,0.7826117994751005,21950,24709,19626,5083,2324
SF,55,0.8138843297528316,0.15944523182830533,-1.8360547898408366,34920,26617,25042,1575,9878
SF,56,0.8189195181435223,0.48173681664247703,-0.7303573376200146,35970,31685,27702,3983,8268
SF,57,0.4438787685943839,35.602094240837694,3.572404463117568,8943,28770,8370,20400,573
SF,58,0.7952710907921995,1.8036194668623136,0.5897954608433783,26355,29641,22266,7375,4089
SF,59,0.7596737982039091,0.35549348230912475,-1.034248363777163,33749,26827,23009,3818,10740
SF,60,0.8298457661111407,0.6751703651930806,-0.3927902270766936,29101,27242,23378,3864,5723
SF,61,0.7489325564388667,0.032899844720496896,-3.4142873409636847,26178,16213,15874,339,10304
SF,62,0.7853329458016551,1.1929989060790749,0.1764702261657148,32068,33303,25669,7634,6399
SF,63,0.6411829904571382,1.8636461704422869,0.6225348755206909,16494,20497,11859,8638,4635
SF,64,0.8490532209794647,0.8572883081622263,-0.15398100136753165,36675,35834,30782,5052,5893
SF,65,0.7217464832039358,0.21055447796134039,-1.558010856676634,38424,26621,23473,3148,14951
SF,66,0.8120175255581056,0.8829676071055381,-0.12446676409578043,33943,33159,27244,5915,6699
SF,67,0.8296479487925517,0.48958498966449354,-0.714197206619003,29101,25891,22812,3079,6289
SF,68,0.7888815178452966,0.41767640769779046,-0.8730482905254483,40953,34417,29729,4688,11224
SF,69,0.8067538583108903,0.3426330532212885,-1.0710952201588322,33938,28071,25013,3058,8925
SJ,0,0.6721867607016917,0.1068575734740015,-2.2362584202341806,28329,16477,15059,1418,13270
SJ,1,0.7645154327649472,0.12371252002746624,-2.0897947918721727,24677,17020,15939,1081,8738
SJ,2,0.7376047441021013,0.051886304909560726,-2.958700398206253,23979,14806,14304,502,9675
SJ,3,0.7869109080783299,0.11044003451251079,-2.2032825794201343,38889,27548,26140,1408,12749
SJ,4,0.706665657864871,0.02396830637173985,-3.731022889196487,33825,19043,18680,363,15145
SJ,5,0.7456525272224931,0.05104096709200806,-2.975126692397678,34047,21330,20646,684,13401
SJ,6,0.7474985095789762,0.037402356679465114,-3.2860215637269525,38302,23761,23196,565,15106
SJ,7,0.60985216635122,0.00695330722175769,-4.968537873344831,40606,18041,17883,158,22723
SJ,8,0.709725473505001,0.027185782061902253,-3.6050611606574465,29954,17036,16675,361,13279
SJ,9,0.7478518958225124,0.03534214855889343,-3.342679017139163,41608,25777,25197,580,16411
SJ,10,0.7803456886843265,0.04047315319494375,-3.207116408749897,24560,16286,15937,349,8623
SJ,11,0.6439742410303588,0.010993795580711875,-4.510424203430207,35174,17002,16800,202,18374
SJ,12,0.6694467684584815,0.013588808273539905,-4.298508746088786,50552,25944,25605,339,24947
SJ,13,0.7729284553756512,0.5011111111111111,-0.6909274238216325,28794,24753,20694,4059,8100
SJ,14,0.7363957149864708,0.12348260048556785,-2.091655019596112,38097,25100,23269,1831,14828
SJ,15,0.7150557261580089,0.05754363592890731,-2.8552117332668736,29196,17371,16649,722,12547
SJ,16,0.7747485013182508,0.07986160146871911,-2.5274601240955987,40462,27431,26300,1131,14162
SJ,17,0.6383840657176616,0.0018185597007170321,-6.309710464426932,36265,17054,17019,35,19246
SJ,18,0.8179635853307234,0.3513365318711446,-1.046010734592815,29443,24711,22148,2563,7295
SJ,19,0.737832193473305,0.033951587551084565,-3.3828196646249244,39046,23681,23141,540,15905
SJ,20,0.518568162106757,2.9830397912589692,1.092942844786241,9643,15723,6577,9146,3066
SJ,21,0.8465644575523436,0.37325479930191974,-0.985493984502382,21950,19077,17366,1711,4584
SJ,22,0.7285384350788685,0.06394042498555563,-2.7498034887420078,37816,23235,22239,996,15577
SJ,23,0.7631327121631831,0.06547349342999546,-2.72610989870425,35970,23595,22728,867,13242
SJ,24,0.5635363427099996,5.496515679442509,1.704114378655747,8944,16687,7222,9465,1722
SJ,25,0.8055438359632099,0.16168872085696281,-1.822082268344873,27028,20376,19093,1283,7935
SJ,26,0.7045153501785685,0.10906230333543109,-2.2158359698151555,36899,22742,21009,1733,15890
SJ,27,0.6924351029499957,0.02939068100358423,-3.5270776275511584,45172,24862,24247,615,20925
SJ,28,0.7127736751055637,0.05832762165867032,-2.841679512943457,33749,20010,19159,851,14590
SJ,29,0.7482213765718068,0.10552124954594987,-2.2488429288506415,29101,19251,18089,1162,11012
SJ,30,0.6618932770575822,0.010208677375769405,-4.584517197237073,26495,13309,13173,136,13322
SJ,31,0.6578015644298065,0.0331883157240522,-3.405557401026234,32068,16512,15978,534,16090
SJ,32,0.686289524903481,0.011314544332441884,-4.481666271812984,40953,21729,21509,220,19444
SJ,33,0.7406827643630308,0.016051154900169645,-4.131974475597987,37565,22485,22239,246,15326
SJ,34,0.773493114916307,0.32067307692307695,-1.13733312677974,20311,16072,14071,2001,6240
SJ,35,0.7309380588522192,0.08675032832336203,-2.444721075454987,33938,21421,20232,1189,13706
SJ,36,0.7192910562442373,0.020547520019864672,-3.885015025620903,37172,21394,21063,331,16109
SJ,37,0.747842141703208,0.11778747783385622,-2.138873313636853,38965,26030,24303,1727,14662
SJ,38,0.6371953917213796,0.003917535869937809,-5.542292427442179,38424,18083,18003,80,20421
SJ,39,0.7291622725442448,0.05591687224340285,-2.883889115321109,32391,19762,19014,748,13377
SJ,40,0.7546319690079164,0.06332116788321168,-2.759535599995202,28881,18615,17921,694,10960
SJ,41,0.6723533483688007,0.1083163380920009,-2.222699276778091,28294,16489,15055,1434,13239
SJ,42,0.7678055535658859,0.1310769946499186,-2.0319703830164504,24677,17206,16079,1127,8598
SJ,43,0.7358964401294499,0.04443534350363469,-3.113720101347072,23979,14646,14212,434,9767
SJ,44,0.7426360233622046,0.0564875296912114,-2.873735378620422,34007,21296,20535,761,13472
SJ,45,0.7466481663735661,0.035613005341950804,-3.335044389242619,38302,23679,23139,540,15163
SJ,46,0.6132303399462348,0.006508744742085455,-5.034608661309968,40606,18168,18021,147,22585
SJ,47,0.7146726480172669,0.03278186274509804,-3.4178798816220914,29943,17315,16887,428,13056
SJ,48,0.7678917920991655,0.4645191964816356,-0.7667523943881401,28794,24289,20381,3908,8413
SJ,49,0.7349034773512537,0.12157178300811372,-2.1072503840079313,38097,24997,23184,1813,14913
SJ,50,0.7935112572729572,0.13713539399216368,-1.9867865638634652,36579,26669,25094,1575,11485
SJ,51,0.8170140302817163,0.34083819340838195,-1.0763474204460584,29443,24583,22070,2513,7373
SJ,52,0.7400768654217232,0.02884736775659639,-3.5457365291300205,39046,23661,23204,457,15842
SJ,53,0.5136151916875672,5.724458204334366,1.7447479081644683,7349,14979,5734,9245,1615
SJ,54,0.8466978831333528,0.36920060988891307,-0.9964151244346715,21950,19054,17359,1695,4591
SJ,55,0.7364278150370632,0.062388845415095685,-2.774368778959583,34920,21740,20863,877,14057
SJ,56,0.7626310131685031,0.06511908350919506,-2.7315376312628876,35970,23566,22702,864,13268
SJ,57,0.5599532072528758,5.401020986954055,1.6865880073565938,8943,16702,7180,9522,1763
SJ,58,0.8022034996759559,0.17565485362095531,-1.7392342683095945,26355,19935,18567,1368,7788
SJ,59,0.7146205357142857,0.05515818431911967,-2.897550143220996,33749,20011,19209,802,14540
SJ,60,0.7455124493341054,0.11105092091007585,-2.197766435924389,29101,19255,18025,1230,11076
SJ,61,0.640718407908698,0.0060873976375099646,-5.101534605908241,26178,12463,12379,84,13799
SJ,62,0.6582361770814056,0.03480263977088781,-3.3580620395933085,32068,16565,16006,559,16062
SJ,63,0.7279931883678281,0.5441531883249675,-0.6085244755813567,16494,14042,11115,2927,5379
SJ,64,0.7157114145124402,0.024155795518382123,-3.7232309476169325,36675,21041,20654,387,16021
SJ,65,0.6469792526746658,0.004247876061969015,-5.461336171087463,38424,18499,18414,85,20010
SJ,66,0.7433172536360669,0.05242025429399955,-2.9484622300112804,33943,21199,20494,705,13449
SJ,67,0.7429545265608114,0.1016299991092901,-2.286416520596704,29101,19015,17874,1141,11227
SJ,68,0.6850080636147349,0.011485412500640927,-4.466677527017539,40953,21674,21450,224,19503
SJ,69,0.7278811888352237,0.08857370287285621,-2.4239202727312135,33938,21343,20119,1224,13819
SL,0,0.7170760233918129,0.4607487922705314,-0.774902303660748,28329,22971,18393,4578,9936
SL,1,0.7889108744158633,0.6887841023913776,-0.37282740628685773,24677,22829,18739,4090,5938
SL,2,0.657811281518066,0.1622814762493378,-1.8184229437581179,23979,14491,12653,1838,11326
SL,3,0.700901671712518,0.03342808413871518,-3.3983588898329766,38889,21887,21299,588,17590
SL,4,0.6607514050350296,0.05798319327731093,-2.847602081508316,33825,18131,17165,966,16660
SL,5,0.6582004026637758,0.03572476095500675,-3.331911246441028,34047,17609,17000,609,17047
SL,6,0.6847583643122677,0.03414634146341464,-3.377099830083095,38302,20878,20262,616,18040
SL,7,0.635530860489563,0.013032186253594286,-4.3403331157653176,40606,19325,19044,281,21562
SL,8,0.7553331472546753,0.11452184179456906,-2.1669897161486715,29954,20204,18943,1261,11011
SL,9,0.6529372261840044,0.0243511090136857,-3.715177885780782,41608,20934,20418,516,21190
SL,10,0.6944253125456556,0.8476779404341241,-0.16525450255157706,24560,23353,16636,6717,7924
SL,11,0.6451588743048664,0.05600133734536944,-2.882379707364827,35174,18233,17228,1005,17946
SL,12,0.6272126887890435,0.006099565360312648,-5.099537762749208,50552,23340,23173,167,27379
SL,13,0.7252751800049656,0.17848584361409425,-1.7232459883915139,28794,19538,17527,2011,11267
SL,14,0.6370952188929992,0.03868928141308711,-3.252192683378687,38097,18940,18169,771,19928
SL,15,0.7652879355909287,0.08927552766685681,-2.4160278749410264,29196,19617,18678,939,10518
SL,16,0.6785347043701799,0.03421895999172956,-3.374975402805484,40462,21778,21116,662,19346
SL,17,0.6353877032426759,0.04150010519671786,-3.182059316888026,36265,18042,17253,789,19012
SL,18,0.7564324214380148,0.10389011799410029,-2.2644214961404003,29443,19722,18595,1127,10848
SL,19,0.6799397691149406,0.021574281747303213,-3.8362533335376843,39046,20724,20320,404,18726
SL,20,0.3850166877288487,4.126688276607239,1.4174752152322798,9643,21218,5941,15277,3702
SL,21,0.7992026516468489,0.8392781316348196,-0.17521312371377787,21950,21193,17240,3953,4710
SL,22,0.6104250481021515,0.09353365738694948,-2.3694339354089555,37816,19354,17449,1905,20367
SL,23,0.746245032666532,0.09115922091086814,-2.3951476210335816,35970,23418,22159,1259,13811
SL,24,0.35315001992537043,3.386977886977887,1.2199380450212565,8944,18659,4874,13785,4070
SL,25,0.7872303932078384,0.14476871611489214,-1.9326178713027562,27028,19614,18359,1255,8669
SL,26,0.7086895066298714,0.09286029922353387,-2.376659074087413,36899,22529,21058,1471,15841
SL,27,0.6386272777636366,0.012119433028600185,-4.412945079253645,45172,21615,21326,289,23846
SL,28,0.7015927572949702,0.20747006953903505,-1.5727681929008062,33749,22694,19800,2894,13949
SL,29,0.7343110434621635,0.14807572660207982,-1.910031469844284,29101,19516,17850,1666,11251
SL,30,0.7332206556064582,0.1984015984015984,-1.6174620277041483,26495,18471,16485,1986,10010
SL,31,0.6775630929973495,0.16349019336059326,-1.8110022698895807,32068,19998,17639,2359,14429
SL,32,0.6229815431468684,0.008639985674635151,-4.751354354195886,40953,18808,18615,193,22338
SL,33,0.7178807947019867,0.011383697571072016,-4.475572984686613,37565,21325,21138,187,16427
SL,34,0.6674579811983667,1.2402047017431632,0.21527644804334123,20311,21813,14058,7755,6253
SL,35,0.6784147719654452,0.03450613100006162,-3.366618260586687,33938,18269,17709,560,16229
SL,36,0.6923234670859252,0.06431780562780799,-2.7439187711764914,37172,21344,20256,1088,16916
SL,37,0.6799210050284614,0.04366883116883117,-3.1311206769257263,38965,21292,20485,807,18480
SL,38,0.6389770961421526,0.09559690399302886,-2.3476148444593457,38424,20780,18915,1865,19509
SL,39,0.7323738246018039,0.047862348786535426,-3.039426121514393,32391,19719,19082,637,13309
SL,40,0.7611864852295934,0.17428912308610062,-1.7470397318106756,28881,20576,18823,1753,10058
SL,41,0.6988984088127295,0.21585002130379208,-1.5331714582834486,28294,19092,16559,2533,11735
SL,42,0.7265079974925687,1.0147475048413526,0.01463981784382734,24677,24776,17964,6812,6713
SL,43,0.7561713200647021,0.3247993886129156,-1.1245475530457836,23979,18678,16128,2550,7851
SL,44,0.6762187464322411,0.04791230447099396,-3.0383829292440003,34007,18547,17769,778,16238
SL,45,0.6999448335813035,0.03351183278631888,-3.3958566850156764,38302,21517,20935,582,17367
SL,46,0.6307980843296829,0.012723347572458776,-4.364316581758908,40606,19112,18835,277,21771
SL,47,0.7217541494649928,0.0312256049960968,-3.466516847782798,29943,17533,17133,400,12810
SL,48,0.7424565431288948,0.17596405840509172,-1.7374755184058566,28794,19990,18110,1880,10684
SL,49,0.6402795980777632,0.040855539262779995,-3.19771286680093,38097,19128,18320,808,19777
SL,50,0.724476984036395,0.17634363686995266,-1.7353207053442983,36579,24748,22215,2533,14364
SL,51,0.753803568181359,0.12939104643618501,-2.0449160922290224,29443,20050,18654,1396,10789
SL,52,0.6902590536611155,0.03260630094734523,-3.4232497286923507,39046,21482,20890,592,18156
SL,53,0.34286382962125056,4.7031144211238995,1.5482249320575365,7349,18288,4395,13893,2954
SL,54,0.8158129346137192,0.21816037735849056,-1.5225248107135783,21950,17309,16014,1295,5936
SL,55,0.679393191551136,0.09061728395061729,-2.4011103120460144,34920,20188,18720,1468,16200
SL,56,0.7106600751984403,0.06845792890660153,-2.681535898943596,35970,21478,20413,1065,15557
SL,57,0.36391662287616044,3.8431581755134703,1.34629447011988,8943,19602,5194,14408,3749
SL,58,0.7892966427222813,0.1883720930232558,-1.6693360540151694,26355,19724,18185,1539,8170
SL,59,0.755496191473232,0.0565478511816551,-2.872668075698026,33749,21653,20928,725,12821
SL,60,0.7283279975214293,0.14673060156931125,-1.9191570159326103,29101,19314,17631,1683,11470
SL,61,0.7332172226019092,0.26725311550947745,-1.3195590714855219,26178,19181,16629,2552,9549
SL,62,0.6870045195228569,0.249574798491459,-1.3879966151667296,32068,21920,18545,3375,13523
SL,63,0.5899464875327337,1.3496982547708367,0.2998810524825757,16494,18638,10363,8275,6131
SL,64,0.683743842364532,0.0425100040596184,-3.15801584111348,36675,20165,19432,733,17243
SL,65,0.6783133328913347,0.08050328471217014,-2.519457291512185,38424,21908,20462,1446,17962
SL,66,0.6759298191965138,0.042804428044280446,-3.151113722767382,33943,18379,17683,696,16260
SL,67,0.7105331495575398,0.28057617532697066,-1.2709100210946658,29101,20960,17785,3175,11316
SL,68,0.6539031339031339,0.018639195016770485,-3.9824886564528,40953,20472,20083,389,20870
SL,69,0.6761986464588695,0.04826266740727026,-3.03109694871569,33938,18517,17735,782,16203
SE,0,0.7229955456570156,0.3724137931034483,-0.9877496958562999,28329,21959,18179,3780,10150
SE,1,0.8061700747190188,0.7093023255813954,-0.34347343208019643,24677,23102,19259,3843,5418
SE,2,0.7745751159773981,0.6110936517913262,-0.4925050553019302,23979,21504,17615,3889,6364
SE,3,0.7786157546245435,0.17732512237486184,-1.729770381777987,38889,28469,26223,2246,12666
SE,4,0.7789456010745467,0.23880316146029357,-1.4321156586053712,33825,25735,23197,2538,10628
SE,5,0.7190231181279955,0.16871885077689827,-1.7795215542567084,34047,22705,20403,2302,13644
SE,6,0.7607537642023586,0.14306730415593968,-1.9444401010140244,38302,26652,24707,1945,13595
SE,7,0.7294173929943638,0.1164641292949232,-2.150171956436127,40606,26283,24395,1888,16211
SE,8,0.7869901870591843,0.17945452615939722,-1.717833439308176,29954,22222,20531,1691,9423
SE,9,0.7046035411855274,0.024564776246929404,-3.7064417220156938,41608,23342,22882,460,18726
SE,10,0.7524795545502001,0.5670614155879923,-0.5672876643865463,24560,21416,17298,4118,7262
SE,11,0.7549188932913408,0.12358329451948455,-2.0908399007025076,35174,23884,22292,1592,12882
SE,12,0.6227878198373457,0.015271616609701113,-4.181759297005476,50552,23470,23050,420,27502
SE,13,0.7554482907676237,0.7358731782152902,-0.306697487308201,28794,26728,20972,5756,7822
SE,14,0.7552045045749589,0.12153350053744177,-2.1075653296185743,38097,25838,24142,1696,13955
SE,15,0.7792802538583585,0.6139749505603164,-0.4878011488002555,29196,26268,21611,4657,7585
SE,16,0.790854594422403,0.09815251273473732,-2.3212327576221363,40462,28600,27309,1291,13153
SE,17,0.7255514150468325,0.1158124616119566,-2.1557831064037987,36265,23309,21612,1697,14653
SE,18,0.8328417813112532,0.3597079421844733,-1.0224628485007625,29443,25146,22732,2414,6711
SE,19,0.6883026149444408,0.020755025330936427,-3.874966877003949,39046,21070,20689,381,18357
SE,20,0.47659341089826457,2.7530898876404493,1.0127238764231037,9643,15884,6083,9801,3560
SE,21,0.7741510366413291,0.7442748091603053,-0.2953449451973501,21950,20543,16448,4095,5502
SE,22,0.6989171103162961,0.09949440231130371,-2.3076538945779927,37816,22855,21202,1653,16614
SE,23,0.7377544320420223,0.18358275300044452,-1.695089743114264,35970,24950,22472,2478,13498
SE,24,0.4955716093220685,3.301775147928994,1.1944602474582375,8944,15557,6071,9486,2873
SE,25,0.7655832634678001,0.6258282623394186,-0.4686792868313329,27028,24261,19633,4628,7395
SE,26,0.7512845089012146,0.21836514778325122,-1.521586627592608,36899,26744,23907,2837,12992
SE,27,0.6482447148311569,0.013787197602226504,-4.2840148273918,45172,22139,21817,322,23355
SE,28,0.7107199063060425,0.10314026517794836,-2.2716654193140706,33749,20897,19419,1478,14330
SE,29,0.7708183919037374,0.17929267042542285,-1.7187357780386097,29101,21095,19346,1749,9755
SE,30,0.6620381523905473,0.35585625164748264,-1.033228417181305,26495,19164,15114,4050,11381
SE,31,0.7106834518693188,0.13690031385443133,-1.9885022541086868,32068,20518,18686,1832,13382
SE,32,0.7571663238275642,0.06752976384099929,-2.695186832499098,40953,26620,25582,1038,15371
SE,33,0.7235343502985949,0.1851021932504923,-1.6868472104696843,37565,25564,22838,2726,14727
SE,34,0.7538160469667319,1.7139593908629442,0.5388061272828625,20311,23124,16371,6753,3940
SE,35,0.776250296278739,0.20003632071188596,-1.6092563253626009,33938,25128,22925,2203,11013
SE,36,0.7666134695180339,0.11175307891135776,-2.1914634940885143,37172,25488,24018,1470,13154
SE,37,0.7294324274357552,0.14844363065655244,-1.907549984340855,38965,25943,23673,2270,15292
SE,38,0.6580582366777517,0.16195358580012129,-1.8204454922075,38424,23221,20283,2938,18141
SE,39,0.7494746348495112,0.33391899389680046,-1.0968568486644923,32391,25188,21577,3611,10814
SE,40,0.733914691943128,0.4737505249895002,-0.7470744144288586,28881,23869,19357,4512,9524
SE,41,0.6584920783805447,1.2279706275033377,0.20536291046766422,28294,30343,19306,11037,8988
SE,42,0.7097535182624257,0.9748166597481666,-0.025505866950200504,24677,24495,17450,7045,7227
SE,43,0.783328721343579,0.8245205233912888,-0.19295324536834194,23979,23000,18400,4600,5579
SE,44,0.7562310222672065,0.5264408793820559,-0.641616243585725,34007,29225,23909,5316,10098
SE,45,0.7360728331217292,0.17299752270850538,-1.7544780041908998,38302,26284,23770,2514,14532
SE,46,0.6721664388189632,0.08559683629930273,-2.458106955637741,40606,23033,21388,1645,19218
SE,47,0.7300684451017196,0.33180542563143123,-1.1032065492454692,29943,22800,19253,3547,10690
SE,48,0.673454628501827,0.5456265201333214,-0.6058205663516999,28794,23750,17693,6057,11101
SE,49,0.7882882882882883,0.11687681862269642,-2.1466347310862504,38097,27171,25725,1446,12372
SE,50,0.7487706893781134,0.17717039379564792,-1.7306433326728883,36579,25651,23298,2353,13281
SE,51,0.751678862323884,0.3950121525943147,-0.9288387484927245,29443,23718,19980,3738,9463
SE,52,0.728110746579179,0.04239784022579458,-3.160657856112495,39046,23439,22748,691,16298
SE,53,0.3191460149653326,6.346666666666667,1.8479297406951096,7349,21785,4649,17136,2700
SE,54,0.7700155045727254,1.1252076411960132,0.1179675885774572,21950,22553,17134,5419,4816
SE,55,0.6006336323508472,0.24330913725272899,-1.4134224743995807,34920,21264,16873,4391,18047
SE,56,0.7471752544274382,0.24605055292259084,-1.4022182644766137,35970,26425,23310,3115,12660
SE,57,0.45201730940562557,8.359782608695653,2.123432423013968,8943,22485,7103,15382,1840
SE,58,0.7099245732433506,0.7249763928234183,-0.3216161862804747,26355,24025,17883,6142,8472
SE,59,0.7172073216554241,0.15306048004669148,-1.8769221412751387,33749,22140,20042,2098,13707
SE,60,0.7858827934843662,0.4094158245008627,-0.8930239535931523,29101,24309,20987,3322,8114
SE,61,0.7469173196803002,0.832602235743597,-0.18319925896952613,26178,24995,19111,5884,7067
SE,62,0.7149451119370732,0.44767339771729586,-0.8036913353860721,32068,25777,20678,5099,11390
SE,63,0.6404271969801593,5.050348567002324,1.619457264074056,16494,26952,13912,13040,2582
SE,64,0.7614971875050658,0.11572002729961325,-2.156581562963297,36675,25014,23488,1526,13187
SE,65,0.7158844988561183,0.20382499345035368,-1.5904935285668382,38424,26268,23156,3112,15268
SE,66,0.6444377312891776,0.11583812288913907,-2.155561554817018,33943,19021,17066,1955,16877
SE,67,0.6882303616349396,0.7808009782940997,-0.2474349909458993,29101,26950,19288,7662,9813
SE,68,0.7187739463601532,0.09880239520958084,-2.31463343151022,40953,25602,23919,1683,17034
SE,69,0.7011093614536704,0.1959646017699115,-1.6298212392770814,33938,22581,19813,2768,14125
SH,0,0.7111027190332326,0.20980495519240908,-1.5615769646505764,28329,19335,16947,2388,11382
SH,1,0.8017689906347555,0.08490810251100181,-2.4661857542821375,24677,17607,16951,656,7726
SH,2,0.6662100143845469,0.5568690095846646,-0.5854252380141779,23979,19818,14589,5229,9390
SH,3,0.7152563508177328,0.07821296688661541,-2.5483198282125934,38889,23662,22370,1292,16519
SH,4,0.8176126098062426,0.5452626022697281,-0.606487761339017,33825,30379,26247,4132,7578
SH,5,0.788585390868916,0.7731815306767869,-0.25724141879721596,34047,32254,26142,6112,7905
SH,6,0.7867925072877883,0.33798224959246514,-1.0847619008767555,38302,30992,27260,3732,11042
SH,7,0.5194861984148674,0.000872865275142315,-7.043729338040358,40606,14279,14256,23,26350
SH,8,0.6251136051402363,0.16952393511802716,-1.7747611519949913,29954,17359,14788,2571,15166
SH,9,0.7529449545301939,0.0700512107226402,-2.6585287226562597,41608,26899,25791,1108,15817
SH,10,0.503654148864403,0.1318505224024101,-2.026086404094292,24560,11016,8959,2057,15601
SH,11,0.6604008383547288,0.38192963752665243,-0.9625188822979435,35174,25898,20166,5732,15008
SH,12,0.718848173889839,0.10798279158699808,-2.225783401710856,50552,31891,29632,2259,20920
SH,13,0.6760442924018725,0.04493647912885662,-3.102505361336519,28794,15638,15019,619,13775
SH,14,0.6831467209539043,0.15658174097664543,-1.8541770987964885,38097,23796,21141,2655,16956
SH,15,0.8394308607983118,1.6047071409467772,0.47294127323307833,29196,31457,25457,6000,3739
SH,16,0.7832618323684174,0.2739513628203036,-1.2948046963055648,40462,31565,28208,3357,12254
SH,17,0.7543519700048836,0.26535746165706403,-1.3266774500468241,36265,27212,23942,3270,12323
SH,18,0.4344973048980548,0.02924170616113744,-3.53215929555877,29443,8960,8343,617,21100
SH,19,0.30753625690607733,0.005169010995896119,-5.265073905493245,39046,7290,7125,165,31921
SH,20,0.3820088337435517,3.6075917546505782,1.2830404457570144,9643,20016,5665,14351,3978
SH,21,0.7462459686530679,2.262810353935552,0.8166075601947758,21950,26731,18164,8567,3786
SH,22,0.6896504171550714,0.010779249943858073,-4.530132294413812,37816,20196,20004,192,17812
SH,23,0.6824807798156993,0.06757805504149006,-2.6944719782005584,35970,20351,19219,1132,16751
SH,24,0.2783091235514934,3.7231360820337533,1.314566345937262,8944,21691,4263,17428,4681
SH,25,0.8044159098026934,0.5419753086419753,-0.6125348345913131,27028,24060,20548,3512,6480
SH,26,0.6706247561534155,0.1333761382208732,-2.0145820354069564,36899,22052,19767,2285,17132
SH,27,0.7530933935872606,0.06887918486171761,-2.675401253112163,45172,29180,27997,1183,17175
SH,28,0.6265939546293106,0.006777808144301721,-4.99410151184827,33749,15578,15454,124,18295
SH,29,0.6357569980067597,0.16515351029177353,-1.8008798721985135,29101,17055,14672,2383,14429
SH,30,0.6767261538461539,0.03012000941250294,-3.5025655635503954,26495,14130,13746,384,12749
SH,31,0.6200969932104753,0.21753186198321417,-1.5254099473054388,32068,19482,15983,3499,16085
SH,32,0.580622897075317,0.007335875331564987,-4.9149785382338536,40953,17002,16825,177,24128
SH,33,0.6729347912842206,0.2427367016437193,-1.4157779554174998,37565,25080,21078,4002,16487
SH,34,0.49930880320009413,0.4398206884885393,-0.8213881612935947,20311,13688,8488,5200,11823
SH,35,0.7438269550748752,0.32884515794924907,-1.1121682835358229,33938,26162,22352,3810,11586
SH,36,0.6989238451523592,0.14417235548318408,-1.9367457820578733,37172,23507,21205,2302,15967
SH,37,0.7735078913950535,0.11956359288596623,-2.1239068911148897,38965,27183,25583,1600,13382
SH,38,0.6613876560554296,0.1976284584980237,-1.6213664832993742,38424,24214,20714,3500,17710
SH,39,0.8230904656534169,0.5848647084358269,-0.536374726127828,32391,29522,25480,4042,6911
SH,40,0.5215640293637847,0.006434316353887399,-5.046109682289916,28881,10351,10231,120,18650
SH,41,0.6264094552370602,0.14099993084848905,-1.9589958790403368,28294,15872,13833,2039,14461
SH,42,0.7242562633846789,0.004228528472091712,-5.465901225385995,24677,14080,14035,45,10642
SH,43,0.5132868717774378,0.15147453083109919,-1.8873377814914203,23979,11319,9059,2260,14920
SH,44,0.7956608230759666,0.5635628493281009,-0.5734764178653097,34007,30337,25598,4739,8409
SH,45,0.7510201685112879,0.33349056603773586,-1.0981407017694853,38302,29824,25582,4242,12720
SH,46,0.591099132718289,0.0071917953955487465,-4.934814431112275,40606,17276,17107,169,23499
SH,47,0.7253489077669902,0.3390034205417399,-1.0817450815589635,29943,22793,19126,3667,10817
SH,48,0.6248750059520976,0.005424031650819986,-5.216915893032899,28794,13208,13123,85,15671
SH,49,0.715052914231559,0.16673134135299444,-1.7913714963812872,38097,25213,22635,2578,15462
SH,50,0.8326603111166618,0.8335107191728752,-0.18210871643861984,36579,35484,30002,5482,6577
SH,51,0.3810197144799456,0.014529571689619825,-4.23156927949307,29443,7332,7006,326,22437
SH,52,0.6886540962288686,0.07227229468734254,-2.6273144226022422,39046,22474,21183,1291,17863
SH,53,0.3249302325581395,2.7640041493775933,1.0166804071262914,7349,14151,3493,10658,3856
SH,54,0.6239656900449851,0.8835960303561005,-0.12375530002650602,21950,20953,13385,7568,8565
SH,55,0.6461984910040627,0.0037872550633953565,-5.576113779968425,34920,16770,16701,69,18219
SH,56,0.7009858397562287,0.016203703703703703,-4.122515439188797,35970,19820,19554,266,16416
SH,57,0.399333444425929,5.105352303523035,1.6302894606993132,8943,21062,5991,15071,2952
SH,58,0.8084835715279572,0.6010302426055167,-0.5091100252378926,26355,23954,20337,3617,6018
SH,59,0.5460411058411315,0.013257033857892227,-4.323227010205328,33749,13057,12779,278,20970
SH,60,0.7103214741193544,0.017375859139701907,-4.05267344186442,29101,16377,16152,225,12949
SH,61,0.5126473796291487,0.15072357125337257,-1.892307773813164,26178,12328,9870,2458,16308
SH,62,0.7233422977440518,0.47443856125616213,-0.7456231503352247,32068,26311,21114,5197,10954
SH,63,0.39016429115439016,0.5128205128205128,-0.6678293725756556,16494,11079,5379,5700,11115
SH,64,0.39199124726477025,0.002453279457392308,-6.0103295954526414,36675,9025,8957,68,27718
SH,65,0.6366309886126594,0.07295400615943859,-2.6179260890107314,38424,20062,18617,1445,19807
SH,66,0.8039471513624571,0.8312088527805015,-0.1848741886516934,33943,32738,26804,5934,7139
SH,67,0.6410535329923392,0.016850249147652766,-4.083389836082235,29101,14106,13849,257,15252
SH,68,0.7350024189646831,0.053048963652748575,-2.9365399494051654,40953,25191,24308,883,16645
SH,69,0.7112597547380156,0.1788888086120945,-1.7209908470922153,33938,22573,20097,2476,13841
BD,0,0.5483778351995406,0.11897563578161124,-2.128836548163973,28329,13467,11460,2007,16869
BD,1,0.743920972644377,0.011809447558046438,-4.438855427339749,24677,14803,14685,118,9992
BD,2,0.48365084756229354,0.035672261101133335,-3.33338189218573,23979,8408,7832,576,16147
BD,3,0.7721602911019628,0.06700844826341253,-2.702936574056517,38889,25968,25040,928,13849
BD,4,0.7404361553711726,0.035366478728856995,-3.3419908360258517,33825,20651,20168,483,13657
BD,5,0.706208694033324,0.046485411140583556,-3.068616754527357,34047,19668,18967,701,15080
BD,6,0.6906663567075702,0.06421022564981434,-2.7455928029351298,38302,21921,20797,1124,17505
BD,7,0.6956156324415185,0.07108823046169012,-2.643833490872698,40606,23645,22347,1298,18259
BD,8,0.7754613543355725,0.17875962707742196,-1.7217132410825107,29954,21850,20086,1764,9868
BD,9,0.7186502507979936,0.030164737310774712,-3.501081675538578,41608,24182,23640,542,17968
BD,10,0.46158926480742096,0.06300379326695116,-2.7645603438166626,24560,8751,7688,1063,16872
BD,11,0.6693303736588975,0.04648167661866292,-3.068697095258957,35174,18886,18092,794,17082
BD,12,0.6337497307775145,0.007256034355101437,-4.9259218314642155,50552,23736,23540,196,27012
BD,13,0.7570340811922309,0.16977063320917468,-1.7733069693604913,28794,20324,18592,1732,10202
BD,14,0.7449359107379444,0.08236808236808237,-2.4965572670079754,38097,24550,23334,1216,14763
BD,15,0.8214201548139152,0.5062691131498471,-0.680686906903998,29196,25967,22656,3311,6540
BD,16,0.7700622990925383,0.20713859020310632,-1.5743671918544797,40462,29844,27070,2774,13392
BD,17,0.7628949912648201,0.014735772357723578,-4.217477247625725,36265,22692,22489,203,13776
BD,18,0.7851857430664081,0.32786312849162014,-1.1151590488722734,29443,23668,20851,2817,8592
BD,19,0.6852555978031263,0.17295469123564056,-1.7547256191582696,39046,24863,21897,2966,17149
BD,20,0.4602224123182207,0.6877674750356634,-0.3743044705061982,9643,7892,4035,3857,5608
BD,21,0.6163980208238472,0.0712045435280156,-2.642198649004483,21950,10993,10153,840,11797
BD,22,0.4651586217815512,0.03687077961939841,-3.300335921871534,37816,12713,11752,961,26064
BD,23,0.6786677039422503,0.03177646102009992,-3.4490294827874384,35970,19303,18756,547,17214
BD,24,0.584898343582073,1.044474761255116,0.043514138252093014,8944,9107,5279,3828,3665
BD,25,0.6251571694412312,0.02109878065488423,-3.858540029038003,27028,12738,12430,308,14598
BD,26,0.6801874281672708,0.023889046136427963,-3.734335245757234,36899,19656,19234,422,17665
BD,27,0.727447270298848,0.029481317988333595,-3.5239985047793105,45172,26704,26143,561,19029
BD,28,0.7199555029246062,0.14043548151395588,-1.963007101982205,33749,21985,20063,1922,13686
BD,29,0.5241883678410831,0.041367003731141515,-3.185271727258341,29101,11373,10608,765,18493
BD,30,0.6685161580565344,0.01082234585778523,-4.526142221504455,26495,13516,13374,142,13121
BD,31,0.7077077463429696,0.10297116224876202,-2.2733063081210645,32068,19750,18336,1414,13732
BD,32,0.7363485280151947,0.1007992069884146,-2.294624790554242,40953,26439,24812,1627,16141
BD,33,0.7571711254109471,0.17471922816009647,-1.7445750040172199,37565,26616,24298,2318,13267
BD,34,0.5594372161322269,0.06443894389438944,-2.7420371097836194,20311,8972,8191,781,12120
BD,35,0.7876502713761561,0.17969190306218297,-1.71651154429245,33938,25205,23292,1913,10646
BD,36,0.7465617561491669,0.050856751199451676,-2.9787423983494508,37172,23324,22582,742,14590
BD,37,0.7425395522152398,0.05533622419260889,-2.894327536213658,38965,24369,23514,855,15451
BD,38,0.629445494017434,0.1506200792466423,-1.8929946441728176,38424,21918,18991,2927,19433
BD,39,0.698560166534955,0.09593552908199018,-2.3440788851824332,32391,19490,18121,1369,14270
BD,40,0.5772577552726021,0.003442441215940253,-5.6715744034868525,28881,11801,11742,59,17139
BD,41,0.6669811523039647,0.21897810218978103,-1.5187835441659694,28294,18343,15553,2790,12741
BD,42,0.5433874709976798,0.028414658044287673,-3.560850138643397,24677,9803,9368,435,15309
BD,43,0.647011787768578,0.19655504065751508,-1.626812781767635,23979,14790,12542,2248,11437
BD,44,0.7161531279178338,0.12392463562033416,-2.088081675403936,34007,21685,19942,1743,14065
BD,45,0.7325150983830119,0.04662685808664718,-3.06557855008788,38302,23294,22560,734,15742
BD,46,0.4328421376630372,0.004292137893445973,-5.450970326713476,40606,11376,11250,126,29356
BD,47,0.7762904922552327,0.4437551211518202,-0.8124823976352838,29943,25191,21400,3791,8543
BD,48,0.4679699406169531,0.01805017849062296,-4.014599705574968,28794,9264,8905,359,19889
BD,49,0.7181014828005126,0.025239075172497277,-3.679361883323649,38097,21992,21575,417,16522
BD,50,0.6668378350621341,0.13824561403508773,-1.9787233639647623,36579,21843,19479,2364,17100
BD,51,0.8076140262459052,0.15259551736151433,-1.8799645356516095,29443,22146,20832,1314,8611
BD,52,0.5676919175451943,0.02096167008898015,-3.8650597428858084,39046,16160,15670,490,23376
BD,53,0.35846146190973777,2.440886042167067,0.8923611054243131,7349,12748,3602,9146,3747
BD,54,0.7043116655723353,0.19057061026657854,-1.6577324955245862,21950,14602,12872,1730,9078
BD,55,0.5249374840018115,0.11750810560444651,-2.141247963909571,34920,15867,13330,2537,21590
BD,56,0.629985767348214,0.19616204690831557,-1.628814191397239,35970,21644,18148,3496,17822
BD,57,0.5231873389768127,2.18206938900829,0.7802736875506616,8943,12793,5686,7107,3257
BD,58,0.739165918550559,0.5512680499939328,-0.5955341090039803,26355,22657,18114,4543,8241
BD,59,0.5060461070030448,0.02699525209134072,-3.612094276909825,33749,12231,11634,597,22115
BD,60,0.7745635423778406,0.2498107494322483,-1.3870516500617993,29101,22164,19854,2310,9247
BD,61,0.7662340094772527,1.1808492049624324,0.16623384486513307,26178,27213,20455,6758,5723
BD,62,0.5729859894921191,0.027659238185553974,-3.58779549522337,32068,13612,13087,525,18981
BD,63,0.5355330802056383,0.621466275659824,-0.47567363231970256,16494,13267,7969,5298,8525
BD,64,0.6470180558088637,0.022020383376458785,-3.8157867374641037,36675,18155,17738,417,18937
BD,65,0.596020247861756,0.08397733127253992,-2.477208382362248,38424,18866,17073,1793,21351
BD,66,0.6979941442834021,0.12574566160520606,-2.0734939707548397,33943,21046,19191,1855,14752
BD,67,0.6862359728650225,0.15406140691799455,-1.8704040098259114,29101,18218,16236,1982,12865
BD,68,0.7605810643112636,0.10023482053002349,-2.300239640419409,40953,27542,26048,1494,14905
BD,69,0.4938532090339527,0.04628599403622769,-3.072915868270812,33938,12509,11469,1040,22469
SD,0,0.6230142119635631,0.4890953468230848,-0.7151978252357417,28329,21840,15628,6212,12701
SD,1,0.7432793042103183,0.07824823578248236,-2.547868995726806,24677,15795,15041,754,9636
SD,2,0.5471469519222245,0.04102982134365872,-3.193456126823198,23979,9862,9258,604,14721
SD,3,0.7497928360355853,0.07323452484742807,-2.6140883182860573,38889,25070,23978,1092,14911
SD,4,0.7056278699100603,0.018580526557678417,-3.9856412059722666,33825,18877,18594,283,15231
SD,5,0.7052810267315835,0.04332034603447137,-3.1391328690125664,34047,19560,18904,656,15143
SD,6,0.757437035902932,0.16784608580274216,-1.7847078754422852,38302,27013,24736,2277,13566
SD,7,0.6999549318538549,0.06751078182019242,-2.6954679631897207,40606,23741,22520,1221,18086
SD,8,0.77144266150753,0.2528592222915367,-1.3749223787515503,29954,22768,20336,2432,9618
SD,9,0.7123043605142304,0.016883821932681866,-4.081399397630064,41608,23499,23188,311,18420
SD,10,0.7087125521425863,0.27900926215006766,-1.2765103000413085,24560,17632,14951,2681,9609
SD,11,0.7680415920672083,0.04717494365430947,-3.053892382125492,35174,22914,22307,607,12867
SD,12,0.5665454648349627,0.003504749426793318,-5.6536362512670175,50552,20129,20022,107,30530
SD,13,0.7801889516894261,0.07821511686734797,-2.548292339788762,28794,19684,18911,773,9883
SD,14,0.7792657102806526,0.23669479488679088,-1.440983753042854,38097,28961,26128,2833,11969
SD,15,0.7581403085623987,0.060829913360693114,-2.799673614936365,29196,18898,18231,667,10965
SD,16,0.7990000145346725,0.0657367447595561,-2.722097228863515,40462,28339,27486,853,12976
SD,17,0.7589932191702103,0.11618888297467873,-2.1525381106154993,36265,24642,23114,1528,13151
SD,18,0.7912186059804938,0.6019736842105263,-0.5075415485648007,29443,26539,22147,4392,7296
SD,19,0.678158615621033,0.02784594046729969,-3.5810680874237923,39046,20822,20300,522,18746
SD,20,0.41122360428116866,0.6713746099523731,-0.3984280117250338,9643,7642,3554,4088,6089
SD,21,0.6963774553351101,0.5693877551020409,-0.5631936092833065,21950,18574,14110,4464,7840
SD,22,0.6758221649035361,0.009442665653660389,-4.662516960120332,37816,19563,19389,174,18427
SD,23,0.7834137823100114,0.07824161404084311,-2.5479536241119782,35970,24731,23777,954,12193
SD,24,0.5397308020319627,6.45078031212485,1.8642011021143654,8944,18025,7278,10747,1666
SD,25,0.8038958843911096,0.15981506934899412,-1.8337379487882035,27028,20304,19025,1279,8003
SD,26,0.6961955522881823,0.13183940242763773,-2.026170745388607,36899,22952,20834,2118,16065
SD,27,0.759557764042069,0.05215085444902769,-2.9536147132203427,45172,29087,28202,885,16970
SD,28,0.7227124941941477,0.14799201242511648,-1.9105969767750246,33749,22229,20228,2001,13521
SD,29,0.701124936083177,0.109195856724915,-2.2146121584706844,29101,17835,16454,1381,12647
SD,30,0.6036724722200331,0.00546484505164945,-5.209419510610214,26495,11572,11490,82,15005
SD,31,0.7664283981262014,0.08495882097962722,-2.4655885989432367,32068,21513,20533,980,11535
SD,32,0.7445240288881624,0.08112187146270909,-2.511802669105711,40953,26341,25051,1290,15902
SD,33,0.7992380952380952,0.16181657848324515,-1.8212918167930723,37565,28060,26225,1835,11340
SD,34,0.7360501567398119,0.42187958883994126,-0.8630353401642685,20311,16374,13501,2873,6810
SD,35,0.751865314712072,0.15775379371906192,-1.8467197289177386,33938,23559,21615,1944,12323
SD,36,0.7789613202515072,0.045809115937595596,-3.083272169728652,37172,24695,24096,599,13076
SD,37,0.7878324029053364,0.11182761874803397,-2.1907967116675073,38965,27671,26249,1422,12716
SD,38,0.6552398442415277,0.0583598684553949,-2.8411268093500563,38424,20385,19267,1118,19157
SD,39,0.7248291657990876,0.09754624386560966,-2.327428717363623,32391,20438,19146,1292,13245
SD,40,0.7128756306207502,0.03633916554508748,-3.31485917871343,28881,16709,16250,459,12631
SD,41,0.6818152668818538,0.20565365300502186,-1.581561821249163,28294,18487,15948,2539,12346
SD,42,0.779476678043231,0.2840487546369899,-1.2586093842977484,24677,19273,17129,2144,7548
SD,43,0.7880379098360656,0.7989130434782609,-0.22450317083024932,23979,22869,18459,4410,5520
SD,44,0.5764756570443774,0.03432207636035675,-3.3719665061820323,34007,14734,14049,685,19958
SD,45,0.7679251607398604,0.1626593389817571,-1.8160972100550536,38302,27332,25201,2131,13101
SD,46,0.5935615069106952,0.008509728458413513,-4.766545245435494,40606,17420,17221,199,23385
SD,47,0.629448174358354,0.2822856345496407,-1.2648358321955249,29943,19656,15610,4046,14333
SD,48,0.5698081104074109,0.08758513561954834,-2.4351439801462225,28794,13522,12056,1466,16738
SD,49,0.7250439477649422,0.16786666666666666,-1.7845852654800547,38097,25615,23097,2518,15000
SD,50,0.766036324612608,0.10489134608001228,-2.254830263836968,36579,24922,23556,1366,13023
SD,51,0.7311981518429066,0.06348151225592023,-2.757006561050652,29443,18172,17408,764,12035
SD,52,0.7886369090472762,0.10473502665412356,-2.256321674033357,39046,27626,26290,1336,12756
SD,53,0.2960454046136946,2.737545565006075,1.0070617397551747,7349,14499,3234,11265,4115
SD,54,0.834842064714946,0.48742411101474414,-0.7186206703753679,21950,19586,17338,2248,4612
SD,55,0.36028515148672735,0.0015419634334385784,-6.474698717845534,34920,7724,7682,42,27238
SD,56,0.7893673096512361,0.1269031141868512,-2.0643313640833867,35970,25877,24410,1467,11560
SD,57,0.4168524297815426,1.0111474149529118,0.01108574044050376,8943,9001,3740,5261,5203
SD,58,0.7363117232112866,0.7279554577236825,-0.31751541710278663,26355,24254,18632,5622,7723
SD,59,0.681216880789905,0.053148614609571786,-2.9346632402051696,33749,18713,17869,844,15880
SD,60,0.7320506445319971,0.4062029509183981,-0.9009023651689907,29101,23185,19138,4047,9963
SD,61,0.7779407076824992,0.32685714285714285,-1.118232075537762,26178,20877,18303,2574,7875
SD,62,0.6148457711442786,0.1645006016847172,-1.8048410511255444,32068,18182,15448,2734,16620
SD,63,0.6290243770020087,1.7844335778321108,0.5791010415305415,16494,20344,11586,8758,4908
SD,64,0.7030855879202516,0.052612237398174805,-2.944806536141909,36675,21207,20348,859,16327
SD,65,0.6653294943547604,0.15858438794937843,-1.8414684112635513,38424,23398,20566,2832,17858
SD,66,0.7582130391314261,0.11809554708411063,-2.1362612611119216,33943,23070,21614,1456,12329
SD,67,0.7625661638874518,0.20040241448692153,-1.6074278615060762,29101,21153,19161,1992,9940
SD,68,0.6255720404540495,0.05720329240814825,-2.8611438226698627,40953,20450,19206,1244,21747
SD,69,0.6446598139990211,0.03856938483547925,-3.255296456189704,33938,17137,16463,674,17475
BM,0,0.6743407105910286,0.2364777849323889,-1.4419010080947003,28329,18843,15905,2938,12424
BM,1,0.7683025930212515,0.03657596122066762,-3.308364051610139,24677,15932,15600,332,9077
BM,2,0.553380256698409,0.0327566162894071,-3.418650313200964,23979,9835,9356,479,14623
BM,3,0.8459844211657266,0.5511970783173272,-0.595662859882137,38889,35571,31496,4075,7393
BM,4,0.6615018343610959,0.027850201469542545,-3.580915078540125,33825,17419,16949,470,16876
BM,5,0.6023247337086388,0.024146023468057366,-3.723635572149223,34047,15335,14872,463,19175
BM,6,0.846146204390957,0.27676363208102694,-1.284591450861159,38302,32161,29811,2350,8491
BM,7,0.33184151098337095,0.0006764235641372525,-7.2986911039694125,40606,8104,8082,22,32524
BM,8,0.7094892978637987,0.04436004557538929,-3.1154160891021827,29954,17373,16789,584,13165
BM,9,0.7284190838197807,0.031096094376360097,-3.4706730504368175,41608,24689,24146,543,17462
BM,10,0.6444201312910285,0.017214397496087636,-4.062009181579164,24560,12000,11780,220,12780
BM,11,0.6042880401734048,0.020332810682312477,-3.8955194079558595,35174,15805,15403,402,19771
BM,12,0.717028000836213,0.07538087671745022,-2.585201660573343,50552,30767,29154,1613,21398
BM,13,0.6868361888518489,0.45896162528216705,-0.7787886774664339,28794,22802,17719,5083,11075
BM,14,0.7973969499308184,0.12210526315789473,-2.1028717934882217,38097,27672,26222,1450,11875
BM,15,0.7114085431711811,0.09895161290322581,-2.3131243068822167,29196,18023,16796,1227,12400
BM,16,0.7500340965918563,0.04963410754056634,-3.0030770295480305,40462,25527,24747,780,15715
BM,17,0.5925940279419458,0.0024315819586154287,-6.019213221670024,36265,15342,15291,51,20974
BM,18,0.8176382942607646,0.24488219389725763,-1.4069780253143118,29443,23578,21676,1902,7767
BM,19,0.6991118102229213,0.1109351167429309,-2.1988097824237856,39046,23891,22000,1891,17046
BM,20,0.5148417534892864,1.2410896708286039,0.2159897605247194,9643,10705,5238,5467,4405
BM,21,0.8655337482048827,0.4520547945205479,-0.7939518796819109,21950,19830,18081,1749,3869
BM,22,0.41985786383767637,0.019475113122171945,-3.9386178786582695,37816,10729,10191,538,27625
BM,23,0.7837698693609627,0.15742335514984498,-1.8488165731304251,35970,26186,24358,1828,11612
BM,24,0.4619914346895075,1.1710952689565781,0.15793943822906767,8944,9736,4315,5421,4629
BM,25,0.8591819507328677,0.5832614322691976,-0.5391197672967877,27028,25096,22392,2704,4636
BM,26,0.7584766736790001,0.2610240671943143,-1.3431426644381914,36899,27749,24517,3232,12382
BM,27,0.7501433964277615,0.09833470153629648,-2.319378297478786,45172,29795,28118,1677,17054
BM,28,0.7595619742897952,0.1165247297739928,-2.149651755764916,33749,22960,21537,1423,12212
BM,29,0.6835485283994911,0.19306385655866626,-1.6447342818020723,29101,18840,16385,2455,12716
BM,30,0.7339720651044672,0.08717803566374187,-2.4398028643855705,26495,16820,15896,924,10599
BM,31,0.6600666653360212,0.0964398377647589,-2.3388359079107426,32068,18033,16535,1498,15533
BM,32,0.7674065420560747,0.08523540233017647,-2.4623384111442874,40953,27527,26276,1251,14677
BM,33,0.8371677528007615,0.2379202850144734,-1.4358195983285358,37565,30720,28583,2137,8982
BM,34,0.615356355620867,0.22444206217717572,-1.494137680041524,20311,12353,10050,2303,10261
BM,35,0.811925171523059,0.23391623488773747,-1.4527921982764174,33938,26841,24674,2167,9264
BM,36,0.7216293864149395,0.0127543084676165,-4.3618861454307325,37172,21304,21099,205,16073
BM,37,0.8067541685443894,0.3293935283859717,-1.1105021081044197,38965,32043,28643,3400,10322
BM,38,0.6207965615036376,0.03480267269143873,-3.3580610936726663,38424,18345,17621,724,20803
BM,39,0.7705044012854548,0.27165392432013935,-1.3032263598524725,32391,24865,22058,2807,10333
BM,40,0.5809237976722056,0.011662837957236261,-4.451347735116098,28881,12102,11904,198,16977
BM,41,0.7151087158520721,0.2567862998724722,-1.3595110579957221,28294,20135,17316,2819,10978
BM,42,0.7767487204484523,0.04781514527568062,-3.0404128428985038,24677,16353,15935,418,8742
BM,43,0.7884991583640417,0.39882653828794945,-0.9192286977525563,23979,19983,17332,2651,6647
BM,44,0.5734005840191133,0.04627635598737918,-3.0731241181452136,34007,14964,14040,924,19967
BM,45,0.763700573879044,0.06433745206646783,-2.743613359036099,38302,25126,24220,906,14082
BM,46,0.7194998678133213,0.03227837234590511,-3.4333578598409797,40606,23697,23133,564,17473
BM,47,0.7526317928707881,0.06528969018029057,-2.7289211390806467,29943,19263,18517,746,11426
BM,48,0.7608749832250149,0.39363128491620114,-0.9323406329276633,28794,23367,19844,3523,8950
BM,49,0.7727473330188248,0.17508655964746617,-1.7424748007890662,38097,27614,25389,2225,12708
BM,50,0.8018430240900467,0.08721133659902029,-2.439420949647865,36579,26144,25147,997,11432
BM,51,0.837818075460661,0.35927685000766046,-1.0236620177548377,29443,25261,22916,2345,6527
BM,52,0.6684894279843574,0.0599205298013245,-2.814736098001105,39046,21302,20171,1131,18875
BM,53,0.5225888436089566,6.860750360750361,1.9258168177895956,7349,15472,5963,9509,1386
BM,54,0.5607306529723405,0.014335034524166916,-4.245048771266941,21950,8817,8626,191,13324
BM,55,0.7798892864375886,0.10385103681760474,-2.264797744910097,34920,24332,23105,1227,11815
BM,56,0.799473153598491,0.0829893738473698,-2.4890427053168622,35970,25528,24583,945,11387
BM,57,0.6274588720631886,1.7355005541189508,0.5512958756045568,8943,10934,6236,4698,2707
BM,58,0.8292769446031965,0.6299153339604892,-0.4621698591666824,26355,24388,21040,3348,5315
BM,59,0.7542490646712988,0.09641522931404499,-2.3390911094070805,33749,22381,21168,1213,12581
BM,60,0.7823865620348078,0.5151631477927063,-0.6632716366558402,29101,25312,21286,4026,7815
BM,61,0.6997250589159466,0.025658225725306055,-3.6628910677306705,26178,14558,14252,306,11926
BM,62,0.6894039866188959,0.07076566125290024,-2.648381406490382,32068,18451,17414,1037,14654
BM,63,0.5444885011895321,0.19318653926049023,-1.6440990321957156,16494,8726,6866,1860,9628
BM,64,0.6920181517571323,0.02981826736458272,-3.5126340744663027,36675,20179,19672,507,17003
BM,65,0.6606804182541414,0.07870024543805357,-2.542109004909849,38424,21157,19682,1475,18742
BM,66,0.6283216149243508,0.005449888277290316,-5.212160170096862,33943,15694,15594,100,18349
BM,67,0.7534830459952924,0.025584472871636524,-3.6657696399611095,29101,18056,17766,290,11335
BM,68,0.8207985634308651,0.3749366832134535,-0.980998112031732,40953,34783,31082,3701,9871
BM,69,0.806331349336124,0.27601809954751133,-1.2872888373444415,33938,27218,24656,2562,9282
SI,0,0.71877139420853,0.7066022905906131,-0.3472873023547141,28329,25716,19423,6293,8906
SI,1,0.7823218488367607,1.5645454545454545,0.44759533742507746,24677,27161,20277,6884,4400
SI,2,0.7314378496673197,3.672090881178999,1.3007612222283893,23979,32682,20722,11960,3257
SI,3,0.806941431670282,0.7910720819612148,-0.23436618772891438,38889,37176,30690,6486,8199
SI,4,0.7848555361644367,0.3955974842767296,-0.9273580385138366,33825,28059,24285,3774,9540
SI,5,0.780218564116752,1.7177557304139583,0.5410186309234596,34047,38243,28201,10042,5846
SI,6,0.7576996456800218,0.6930108550752238,-0.3667096160256995,38302,35078,27800,7278,10502
SI,7,0.7856449783390048,0.32228966447479346,-1.132304558702259,40606,32567,28744,3823,11862
SI,8,0.7561342343979776,1.0866676092181535,0.0831157740887993,29954,30567,22881,7686,7073
SI,9,0.7950205402713806,0.7017362546506821,-0.35419765117717605,41608,38722,31932,6790,9676
SI,10,0.7986560054440286,0.6374956762365963,-0.4502077843465228,24560,22464,18778,3686,5782
SI,11,0.7111538837960395,0.3239626168224299,-1.1271271500242979,35174,26132,21799,4333,13375
SI,12,0.8006803704238975,0.2329963551337597,-1.4567324687415406,50552,39399,36011,3388,14541
SI,13,0.7484243246492298,1.0915191319246145,0.08757042495742018,28794,29435,21790,7645,7004
SI,14,0.7822295351707116,0.6590410529614541,-0.4169694505755437,38097,34833,28524,6309,9573
SI,15,0.7781515460414543,1.0743447180301826,0.07171091109649234,29196,29664,22901,6763,6295
SI,16,0.8220736124832181,0.7540267199400674,-0.28232747401578107,40462,38492,32453,6039,8009
SI,17,0.7651785568757844,0.12625078173858661,-2.069485018857033,36265,25088,23473,1615,12792
SI,18,0.7792076791670056,1.4692503639010188,0.38475231418867195,29443,32022,23947,8075,5496
SI,19,0.8184185354447869,0.6579330422125182,-0.41865211239011807,39046,36226,30802,5424,8244
SI,20,0.528817667654188,6.823365008384572,1.9203527531610805,9643,20061,7854,12207,1789
SI,21,0.7582547169811321,5.301437778879524,1.667978062802445,21950,30626,19933,10693,2017
SI,22,0.7539362394274561,0.44928893809077747,-0.800089083527876,37816,31349,26073,5276,11743
SI,23,0.790693940893949,1.4372955288985823,0.3627632428059876,35970,38777,29551,9226,6419
SI,24,0.5207989979563583,12.925287356321839,2.5591856527447865,8944,21394,7900,13494,1044
SI,25,0.8270090103289136,1.1231737469094178,0.11615838053816323,27028,27576,22579,4997,4449
SI,26,0.7443160934628511,1.2786616752456714,0.24581396473154596,36899,39281,28351,10930,8548
SI,27,0.7800428254923075,0.3008564526754996,-1.201122029397207,45172,35621,31511,4110,13661
SI,28,0.7317179949148832,0.3254304966308959,-1.1226063681495464,33749,25640,21728,3912,12021
SI,29,0.7708224510084756,1.1838471419396275,0.16876942503576162,29101,30246,22873,7373,6228
SI,30,0.6809888279656418,1.053855421686747,0.05245526963516569,26495,26942,18195,8747,8300
SI,31,0.68606530876172,0.5491644974389117,-0.5993572513167514,32068,26699,20159,6540,11909
SI,32,0.7756374227172858,0.6580760879826301,-0.41843471911009733,40953,37331,30360,6971,10593
SI,33,0.7342288043166294,0.5455228240006676,-0.606010634069787,37565,32119,25582,6537,11983
SI,34,0.7249264595366414,2.734985422740525,1.0061261059659654,20311,26262,16881,9381,3430
SI,35,0.7937586948273682,0.47696139476961397,-0.7403197247661156,33938,29318,25105,4213,8833
SI,36,0.7461095593684091,0.6205202837911589,-0.47719698544201455,37172,33000,26178,6822,10994
SI,37,0.7800422204224697,0.7277088330378558,-0.3178542654069618,38965,36354,29376,6978,9589
SI,38,0.6800961567720537,0.30807515242005723,-1.1774115244082317,38424,27302,22350,4952,16074
SI,39,0.6967971852679583,1.1546303251421826,0.14378022793011985,32391,33832,23072,10760,9319
SI,40,0.7187630032789069,1.3181506379475922,0.2762297223776065,28881,31200,21592,9608,7289
SI,41,0.7375322614257547,2.095085066162571,0.7395941569233081,28294,34087,23004,11083,5290
SI,42,0.738309009602385,3.4681858538029005,1.2436316485443124,24677,33017,21298,11719,3379
SI,43,0.7973051370824366,3.0459469555472545,1.1138118398588461,23979,29456,21302,8154,2677
SI,44,0.8023031415103293,0.4453567711344975,-0.8088795851455214,34007,29211,25360,3851,8647
SI,45,0.745084140610643,0.957463965326076,-0.04346719275972,38302,37880,28381,9499,9921
SI,46,0.761671757995188,0.41838951009572845,-0.8713424380186429,40606,33376,28175,5201,12431
SI,47,0.8115058872133857,0.7184557438794726,-0.3306511705174272,29943,28149,23571,4578,6372
SI,48,0.7240566421174137,1.6008274593931964,0.470520657684242,28794,32715,22268,10447,6526
SI,49,0.7778433498483456,0.6586740444717697,-0.41752648828405786,38097,34766,28338,6428,9759
SI,50,0.7513026022524317,0.5139725042681283,-0.6655855085995814,36579,31170,25450,5720,11129
SI,51,0.7316177068261993,1.3784757239590837,0.32097834085082927,29443,32070,22502,9568,6941
SI,52,0.8126545532738415,0.5819337267362688,-0.5413987093217277,39046,35362,30234,5128,8812
SI,53,0.36826278047652095,21.271151885830786,3.0573517831680217,7349,27235,6368,20867,981
SI,54,0.7025327718132748,2.5958413001912044,0.9539106645352772,21950,28627,17766,10861,4184
SI,55,0.7067631488268646,0.5149700598802395,-0.6636465161632474,34920,28926,22562,6364,12358
SI,56,0.7973344797936371,0.7350018402649982,-0.30788227601053253,35970,33810,27819,5991,8151
SI,57,0.43873197036726785,37.08348134991119,3.613171623828553,8943,29258,8380,20878,563
SI,58,0.751001291989664,3.967139175257732,1.378045224168046,26355,35565,23251,12314,3104
SI,59,0.7258262119035015,0.8582265504869298,-0.15288716949132128,33749,32366,23994,8372,9755
SI,60,0.7628514726286025,0.8289313287281593,-0.18761796355279373,29101,27838,21718,6120,7383
SI,61,0.6891061269862029,2.728288570868457,1.0036745154969267,26178,34994,21077,13917,5101
SI,62,0.6995763316989575,0.8887669592976856,-0.11792021585526044,32068,30953,22044,8909,10024
SI,63,0.5551212193003238,8.254209445585216,2.1107233060490618,16494,34158,14059,20099,2435
SI,64,0.7743180096886209,0.6481945314130662,-0.43356442488376445,36675,33304,27093,6211,9582
SI,65,0.7548980933596319,0.9178927873237988,-0.08567468458968712,38424,37626,28705,8921,9719
SI,66,0.7682857220515887,2.0033468381187247,0.6948192010137183,33943,39639,28266,11373,5677
SI,67,0.7435483613237245,1.750471293916024,0.5598850624869329,29101,33480,23266,10214,5835
SI,68,0.7497686892390211,0.43590335487842413,-0.8303347233268842,40953,33622,27957,5665,12996
SI,69,0.7862021551659717,0.8733630172865374,-0.135403982213332,33938,32971,26302,6669,7636
SK,0,0.6431694510739857,0.6271112658889082,-0.466631296534879,28329,24046,16843,7203,11486
SK,1,0.5999445198779437,5.633018639554587,1.7286454688995727,24677,43816,20546,23270,4131
SK,2,0.6083102742345504,0.664690697007362,-0.4084334638090403,23979,20472,13520,6952,10459
SK,3,0.7844966045817013,0.38450398262128893,-0.9558011321673533,38889,32089,27841,4248,11048
SK,4,0.6669673927052455,2.250314465408805,0.8110699688543873,33825,43765,25875,17890,7950
SK,5,0.763278439080059,0.49814424716621525,-0.6968655909545921,34047,29044,24078,4966,9969
SK,6,0.8086415495192242,0.5422503891483211,-0.6120274116206,38302,34185,29308,4877,8994
SK,7,0.6879271070615034,0.14446424593450657,-1.9347232350254335,40606,25244,22650,2594,17956
SK,8,0.8138683657561174,0.8491582491582491,-0.1635097152718805,29954,29058,24014,5044,5940
SK,9,0.8247859089139743,0.869192836750584,-0.14019027183195296,41608,40600,33902,6698,7706
SK,10,0.8421355094534797,2.195424583171772,0.7863754597905,24560,27643,21981,5662,2579
SK,11,0.7379534836653118,0.16845905091373994,-1.7810625800076203,35174,24117,21877,2240,13297
SK,12,0.7465350294285171,0.11855886049434436,-2.1323457286955927,50552,33720,31456,2264,19096
SK,13,0.7578609134725729,2.9277736411020103,1.0742422847438196,28794,36561,24765,11796,4029
SK,14,0.6621155971653339,0.17254216255851995,-1.757113651747477,38097,23427,20368,3059,17729
SK,15,0.7668335419274093,2.1791808873720138,0.7789490664555268,29196,34724,24508,10216,4688
SK,16,0.8409597910658905,0.2242931937172775,-1.494801182467082,40462,33054,30912,2142,9550
SK,17,0.7250865422908433,0.4248967926325818,-0.8559089804128508,36265,29021,23669,5352,12596
SK,18,0.7732888052414847,6.557075471698113,1.8805446913110344,29443,41224,27323,13901,2120
SK,19,0.8388947525100809,0.4793737574552684,-0.735274698873846,39046,34856,30998,3858,8048
SK,20,0.41531278158534257,9.506869479882237,2.2520146404388774,9643,26980,7605,19375,2038
SK,21,0.7570559610705596,2.651935385553185,0.9752897076049227,21950,27370,18669,8701,3281
SK,22,0.7410172797366897,0.2588697133545663,-1.3514303810893356,37816,27810,24315,3495,13501
SK,23,0.7475961538461539,0.11356606274856386,-2.1753705607383176,35970,23934,22392,1542,13578
SK,24,0.36729474398455036,11.713162034609335,2.460713169733138,8944,29374,7037,22337,1907
SK,25,0.7252935090639198,5.446516537649543,1.6949762369168315,27028,39665,24186,15479,2842
SK,26,0.7827726747369061,0.2795843411269372,-1.2744512747439527,36899,28857,25736,3121,11163
SK,27,0.7330872001912402,0.1437514227179604,-1.9396697021852336,45172,30126,27600,2526,17572
SK,28,0.6319673936990526,0.21211754746644093,-1.5506146887900383,33749,20719,17211,3508,16538
SK,29,0.7464884651400358,5.395132426628489,1.685497144586508,29101,41381,26307,15074,2794
SK,30,0.7667519951814485,1.0225232577117676,0.022273354604514076,26495,26633,20368,6265,6127
SK,31,0.7553559362454788,4.183885457608086,1.431240350099186,32068,43409,28506,14903,3562
SK,32,0.6426242087089967,0.07207596029348295,-2.630034712015621,40953,21603,20100,1503,20853
SK,33,0.6459565329179208,0.44410857495373224,-0.8116862082604189,37565,28554,21355,7199,16210
SK,34,0.6748614889687631,3.933112383247966,1.3694310674751882,20311,30046,16992,13054,3319
SK,35,0.7787411496459858,0.8481393309109134,-0.16471035136740125,33938,32726,25957,6769,7981
SK,36,0.773510578429434,0.267966621253406,-1.31689285378989,37172,28575,25428,3147,11744
SK,37,0.7915991793542814,0.6014936209936729,-0.5083393487879397,38965,35123,29324,5799,9641
SK,38,0.7591273374888691,0.2631333177679197,-1.3350944635755946,38424,28956,25575,3381,12849
SK,39,0.8405482599607474,0.6511896893588897,-0.4289542977132428,32391,30280,26339,3941,6052
SK,40,0.7315986198964922,0.7520234604105572,-0.28498775816446015,28881,26767,20356,6411,8525
SK,41,0.7759419740537188,1.251948051948052,0.22470077976281605,28294,29749,22519,7230,5775
SK,42,0.7973730032553562,1.9640088593576965,0.6749877207966911,24677,28159,21065,7094,3612
SK,43,0.6624102431006142,3.0336985734959687,1.1097825264509564,23979,33816,19142,14674,4837
SK,44,0.7886316052623356,0.5425313568985177,-0.6115093945033256,34007,29995,25237,4758,8770
SK,45,0.7606065378942998,0.42386305569749616,-0.8583448577655771,38302,31537,26560,4977,11742
SK,46,0.6326027995136703,0.16028354829181846,-1.8308108553770155,40606,23548,20292,3256,20314
SK,47,0.7858446062558556,1.15783371977476,0.1465507762452011,29943,30896,23905,6991,6038
SK,48,0.7345822784810127,4.388252569750367,1.478931099952134,28794,40331,25389,14942,3405
SK,49,0.8401831168331559,1.3352070451564548,0.28908636983183644,38097,39886,32760,7126,5337
SK,50,0.6881281567266976,0.12185722150853368,-2.1049052351066644,36579,22224,20232,1992,16347
SK,51,0.8137747225066224,1.6007716749886518,0.4704858098458907,29443,32090,25037,7053,4406
SK,52,0.8240975191288586,0.3720051802287934,-0.9888474994597284,39046,33227,29780,3447,9266
SK,53,0.3681066176470588,22.379383634431456,3.108140161594399,7349,27467,6408,21059,941
SK,54,0.773840031668646,2.212488902042024,0.7941180818611635,21950,26047,18571,7476,3379
SK,55,0.7469844541535424,0.8969419958646208,-0.10876408360212227,34920,33973,25731,8242,9189
SK,56,0.7243939617446035,0.21215397923875431,-1.5504429507868505,35970,25041,22098,2943,13872
SK,57,0.34673707013268346,21.976190476190474,3.089959616219484,8943,35373,7683,27690,1260
SK,58,0.7994285290188511,1.2464671654197839,0.2203132822143849,26355,27541,21543,5998,4812
SK,59,0.7489702628050848,0.4709891150023663,-0.7529202956311417,33749,28160,23184,4976,10565
SK,60,0.8258708215496495,0.7723940640085821,-0.258260413583432,29101,27828,23508,4320,5593
SK,61,0.5589257012495463,0.10494869463566697,-2.254283670756954,26178,12396,10780,1616,15398
SK,62,0.7322520939862597,0.956222782489113,-0.04476435700294657,32068,31686,23342,8344,8726
SK,63,0.6112813587492858,2.167830687830688,0.7737269845086915,16494,22012,11769,10243,4725
SK,64,0.7938245656480123,0.30778822175330905,-1.1783433242181942,36675,29458,26249,3209,10426
SK,65,0.7751342408905464,0.487847866419295,-0.7177516708736439,38424,32903,27644,5259,10780
SK,66,0.7899994071966329,0.943758573388203,-0.05788489407531449,33943,33533,26653,6880,7290
SK,67,0.8048252397154346,1.7359653126426289,0.5515636348418893,29101,32326,24719,7607,4382
SK,68,0.8068680223285486,0.8075801749271136,-0.2137129409786015,40953,39303,32378,6925,8575
SK,69,0.715583724085811,0.26337071793698025,-1.334192665416227,33938,24283,20831,3452,13107
SA,0,0.6039080021694836,2.495601552393273,0.9145298033064218,28329,39890,20599,19291,7730
SA,1,0.6688244059540787,4.430635838150289,1.48854310381409,24677,37734,20871,16863,3806
SA,2,0.6664763951380028,3.8101694915254236,1.3376736741138164,23979,35585,19849,15736,4130
SA,3,0.7128900914495336,0.9212221448467967,-0.08205407219428094,38889,37984,27401,10583,11488
SA,4,0.7041310205896973,2.272753581247287,0.820992127751638,33825,42621,26914,15707,6911
SA,5,0.7314851728050539,0.7178732587796743,-0.3314622453208349,34047,31171,23853,7318,10194
SA,6,0.7033217352123958,1.3227829495345418,0.27973781236488177,38302,41596,28097,13499,10205
SA,7,0.6538015570647673,1.2547584187408491,0.2269430590269897,40606,43912,27629,16283,12977
SA,8,0.705958857396628,1.4079750616963242,0.3421525457155877,29954,33095,22255,10840,7699
SA,9,0.7136451969364037,0.6681465038845728,-0.4032478122995168,41608,37123,28093,9030,13515
SA,10,0.5602501453419858,3.157308377896613,1.149719885482194,24560,39083,17828,21255,6732
SA,11,0.6695948442182177,1.2554642256678499,0.22750540511782177,35174,37909,24468,13441,10706
SA,12,0.6665025622664309,0.43518875192604006,-0.8319754295325915,50552,38822,29784,9038,20768
SA,13,0.6638668489366799,3.5508490746040833,1.2671867508341301,28794,42163,23553,18610,5241
SA,14,0.7284628900933007,1.533364119141076,0.42746409232608706,38097,42717,29435,13282,8662
SA,15,0.655770656561496,1.2477676169983862,0.22135604828084152,29196,31499,19901,11598,9295
SA,16,0.7128420631347241,0.9190906051487797,-0.08437057046470227,40462,39494,28498,10996,11964
SA,17,0.7356221073394613,1.6511958629605687,0.5014997908275061,36265,41302,28530,12772,7735
SA,18,0.6676225086593607,2.9497300944669367,1.0817136727649135,29443,41001,23515,17486,5928
SA,19,0.7155113992353626,1.0103912532755037,0.010337635321805266,39046,39161,27979,11182,11067
SA,20,0.3664137039115688,11.1615925058548,2.4124786444300628,9643,31338,7508,23830,2135
SA,21,0.6183679459895796,3.0812242495585638,1.1253270016327053,21950,32558,16853,15705,5097
SA,22,0.6968560636939214,0.833210089557144,-0.18246946026256056,37816,35786,25645,10141,12171
SA,23,0.6963816649017369,1.0725685317311302,0.0700562688285825,35970,36743,25318,11425,10652
SA,24,0.3416994388228536,23.60445912469034,3.1614356401449797,8944,36318,7733,28585,1211
SA,25,0.6590007676560901,2.318599221789883,0.8409632196161724,27028,35500,20603,14897,6425
SA,26,0.7156157988275551,1.1612740651144038,0.14951773438815108,36899,38499,26978,11521,9921
SA,27,0.7111782192233285,0.6292254458344424,-0.46326566704798006,45172,39600,30144,9456,15028
SA,28,0.6715484483850538,1.9992771084337349,0.6927856694395412,33749,42043,25449,16594,8300
SA,29,0.7118708400547655,6.473628691983122,1.867736800134075,29101,44668,26257,18411,2844
SA,30,0.6870846835008287,5.006018916595013,1.6106409717869041,26495,40472,23006,17466,3489
SA,31,0.7014925373134329,2.118091913903432,0.7505156427925842,32068,39756,25192,14564,6876
SA,32,0.6576208962258301,0.9114388588838112,-0.09273076458571917,40953,39674,26511,13163,14442
SA,33,0.6861024927784316,0.970284563082347,-0.030165886505093886,37565,37211,25652,11559,11913
SA,34,0.5795069439829889,7.8225862669919835,2.0570152245591498,20311,39885,17442,22443,2869
SA,35,0.7479365079365079,1.1775118424333084,0.16340360412606425,33938,35362,25916,9446,8022
SA,36,0.7336651147856799,1.0414273995077932,0.04059227166346151,37172,37576,27420,10156,9752
SA,37,0.7094052715997928,1.114797794117647,0.1086730378989469,38965,40214,28085,12129,10880
SA,38,0.701014892872419,1.0266209804955193,0.02627280780988919,38424,38727,27042,11685,11382
SA,39,0.6458706511133441,1.3802858261550508,0.32229059812485483,32391,36276,22175,14101,10216
SA,40,0.6917341877445393,2.1132545115121344,0.7482291816937253,28881,36037,22453,13584,6428
SA,41,0.6424272958826658,3.7828528640958443,1.3304784509203662,28294,43160,22952,20208,5342
SA,42,0.6856763925729443,3.743557668251188,1.3200364074720958,24677,35643,20680,14963,3997
SA,43,0.663011660440218,4.985923585176673,1.6066186591068023,23979,37854,20498,17356,3481
SA,44,0.6966719133307809,1.2655157805549673,0.23547977074352194,34007,36514,24565,11949,9442
SA,45,0.6906349145183872,1.1093886845331933,0.10380912895942808,38302,39551,26884,12667,11418
SA,46,0.7019468339693422,0.7100341398248479,-0.34244222584243783,40606,36699,27132,9567,13474
SA,47,0.6872017478295867,2.604173567406426,0.9571153762749669,29943,39629,23905,15724,6038
SA,48,0.5911813523850762,2.406904017320183,0.8783412815289808,28794,40491,20480,20011,8314
SA,49,0.713130358123906,1.2036509961723427,0.18535943457736473,38097,40172,27908,12264,10189
SA,50,0.7042451765393246,1.2137958453434052,0.19375251156271778,36579,38730,26518,12212,10061
SA,51,0.7256445289295473,2.6859537110933758,0.9880358645546995,29443,37893,24431,13462,5012
SA,52,0.6879857370647984,1.1334993131868132,0.1253095850427339,39046,40601,27398,13203,11648
SA,53,0.2874599405159892,26.717488789237667,3.285318361813109,7349,36024,6234,29790,1115
SA,54,0.6323025210084033,5.969735584581077,1.7867026357337124,21950,37550,18811,18739,3139
SA,55,0.6536287816371074,0.9466287571080423,-0.054848282605235825,34920,34263,22610,11653,12310
SA,56,0.7041966911508495,0.981976092641016,-0.01818831650344299,35970,35777,25262,10515,10708
SA,57,0.38054549951656064,56.274428274428274,4.030240227246355,8943,35530,8462,27068,481
SA,58,0.6921896162528217,5.092940125111707,1.6278552915230744,26355,40095,22998,17097,3357
SA,59,0.7059019331711689,2.7171521035598705,0.9995843110487325,33749,44361,27569,16792,6180
SA,60,0.6052924171670002,4.059523809523809,1.4010656784402031,29101,47348,23137,24211,5964
SA,61,0.6635192576008306,2.620178041543027,0.9632422702515984,26178,35460,20449,15011,5729
SA,62,0.715840145839861,1.8761712555859882,0.6292331340433645,32068,38146,25131,13015,6937
SA,63,0.5238048377255998,6.59177910260433,1.885823282125241,16494,34315,13307,21008,3187
SA,64,0.716032340761191,2.0208469909531925,0.7035167259824812,36675,44461,29048,15413,7627
SA,65,0.6963201585924916,1.3740798140255714,0.31778428092352756,38424,42286,28100,14186,10324
SA,66,0.7091728300603588,1.3018952562521027,0.2638210922031563,33943,36635,25026,11609,8917
SA,67,0.6755989911727617,3.095151953690304,1.1298370014387333,29101,40683,23573,17110,5528
SA,68,0.6163752980630682,0.7924809342230696,-0.23258683128278212,40953,37470,24169,13301,16784
SA,69,0.7647421679156878,2.7312656119900085,1.0047650959058416,33938,42255,29134,13121,4804
SB,0,0.7015095139866206,0.5276763690182535,-0.6392721206642666,28329,23542,18194,5348,10135
SB,1,0.6763278450582846,0.4613966823673971,-0.7734971236294158,24677,19417,14911,4506,9766
SB,2,0.7072973433242506,0.8666847678522943,-0.14307995787536593,23979,22997,16613,6384,7366
SB,3,0.6824643074000841,0.20168512844685363,-1.6010475677920302,38889,25340,21917,3423,16972
SB,4,0.7357670772676371,0.926518615284128,-0.07632114140877769,33825,33150,24639,8511,9186
SB,5,0.7248422479879013,0.19934838611910896,-1.6127013009030742,34047,23480,20849,2631,13198
SB,6,0.708329429401293,0.19562155933939315,-1.6315733058838315,38302,25736,22680,3056,15622
SB,7,0.675843362224855,0.09852607110782398,-2.3174340845283035,40606,23542,21677,1865,18929
SB,8,0.8026859504132231,0.7248645394340758,-0.3217704837445286,29954,28126,23310,4816,6644
SB,9,0.7463407781991853,0.20050525196117538,-1.6069148382585017,41608,29582,26566,3016,15042
SB,10,0.6749763132961364,0.8095182276403704,-0.2113159889587571,24560,22935,16029,6906,8531
SB,11,0.780853662355557,0.36693036429338804,-1.002583192000848,35174,28692,24935,3757,10239
SB,12,0.636870925684485,0.06598285364360074,-2.718360363986608,50552,26148,24424,1724,26128
SB,13,0.6567099138357928,0.4185970369157731,-0.8708465475529279,28794,21691,16577,5114,12217
SB,14,0.7227283625029969,0.3235104785065446,-1.1285237745099814,38097,28639,24116,4523,13981
SB,15,0.68830935896976,0.7364108713029577,-0.30596706696336473,29196,26558,19188,7370,10008
SB,16,0.8244672495942196,0.4951499609766975,-0.7028946108259009,40462,35934,31493,4441,8969
SB,17,0.8146188340807174,0.3755545696539485,-0.9793514930265317,36265,30635,27249,3386,9016
SB,18,0.6957051914283152,0.6892981582877054,-0.37208136095293487,29443,26322,19398,6924,10045
SB,19,0.6861544921591111,0.09155760265123855,-2.3907869676040545,39046,22873,21243,1630,17803
SB,20,0.4770129983424932,11.48091603053435,2.4406861813086334,9643,24746,8202,16544,1441
SB,21,0.7086856982665981,0.8386906517251548,-0.17591335120250717,21950,20856,15168,5688,6782
SB,22,0.6720559375121844,1.109606220215701,0.10400519582081577,37816,39127,25855,13272,11961
SB,23,0.7605464413469841,0.37348545149022727,-0.9848762270013016,35970,28886,24663,4223,11307
SB,24,0.4803704186774488,9.098859315589353,2.2081490557306087,8944,21724,7366,14358,1578
SB,25,0.7109861019192588,2.1519307109346806,0.7663654442601274,27028,33412,21486,11926,5542
SB,26,0.7408496251653682,0.5069664073852466,-0.679310535208875,36899,31131,25200,5931,11699
SB,27,0.6491511721907841,0.07122708039492243,-2.641882190250813,45172,24100,22484,1616,22688
SB,28,0.706493946321226,0.34489447548106766,-1.0645167769088053,33749,25306,20861,4445,12888
SB,29,0.6458053127101546,0.22699475829935936,-1.4828283529595896,29101,18483,15365,3118,13736
SB,30,0.7329699690071604,0.33629265162049415,-1.0897735111422187,26495,20290,17146,3144,9349
SB,31,0.7664095702817566,0.9215330829988346,-0.08171660126999278,32068,31462,24345,7117,7723
SB,32,0.6945067347817693,0.17080250426863972,-1.7672473357407759,40953,26384,23383,3001,17570
SB,33,0.7543641276298613,0.2724699221514508,-1.300227048396743,37565,28313,24848,3465,12717
SB,34,0.6957105682867456,2.8821954484605086,1.0585523122315457,20311,27341,16576,10765,3735
SB,35,0.6928654242156812,0.2752550653829573,-1.2900571007041464,33938,23851,20020,3831,13918
SB,36,0.7549267750288949,0.4730038691523039,-0.7486517104976478,37172,31179,25800,5379,11372
SB,37,0.7128148501850304,0.2762599469496021,-1.28641301974103,38965,28051,23885,4166,15080
SB,38,0.7186550705338938,0.6201773304577043,-0.4777498249707614,38424,33669,25905,7764,12519
SB,39,0.6325004883419459,0.41921547112878893,-0.8693702403376502,32391,23922,17809,6113,14582
SB,40,0.6457114906105782,0.215985401459854,-1.5325444594160067,28881,18140,15181,2959,13700
SB,41,0.6525823865925389,1.6794680586626896,0.5184771115283525,28294,33761,20248,13513,8046
SB,42,0.6554871864223409,2.853280393269049,1.0484693475525706,24677,34479,19388,15091,5289
SB,43,0.6881215951610089,1.5813543003851092,0.4582816320362364,23979,27602,17747,9855,6232
SB,44,0.7058700246258099,0.2204507573012537,-1.5120809319323163,34007,23250,20208,3042,13799
SB,45,0.7138970576672066,0.165918995129454,-1.7962555908750095,38302,25287,22698,2589,15604
SB,46,0.6847747064919798,0.10329706025661849,-2.2701463615710877,40606,24043,22135,1908,18471
SB,47,0.6268600874134793,0.9057587075479893,-0.09898233562027206,29943,28858,18430,10428,11513
SB,48,0.6417062429841982,1.0310327949094469,0.030561013364477578,28794,29111,18579,10532,10215
SB,49,0.6018916595012898,0.16624685138539042,-1.794281538660765,38097,21216,17850,3366,20247
SB,50,0.7412614660280867,0.15905454545454545,-1.8385080824179496,36579,25016,22829,2187,13750
SB,51,0.6551813009258342,0.3463116340274015,-1.0604162329102262,29443,20998,16524,4474,12919
SB,52,0.6431155012732551,0.14473752666354509,-1.932833337823743,39046,22607,19825,2782,19221
SB,53,0.2822488739349867,11.314711359404097,2.4261037692067986,7349,29505,5201,24304,2148
SB,54,0.7038019827201902,1.5968732551647125,0.4680475017531865,21950,25157,16577,8580,5373
SB,55,0.5316197316197316,0.18824319140774837,-1.6700205807769313,34920,17990,14064,3926,20856
SB,56,0.7476726498326741,0.45585395822362645,-0.7855827878176471,35970,29770,24576,5194,11394
SB,57,0.5662131013458249,7.786144578313253,2.052345818026041,8943,17955,7615,10340,1328
SB,58,0.7040577788632637,1.746761658031088,0.5577635925550085,26355,30967,20179,10788,6176
SB,59,0.6564581450614185,0.45217883418222976,-0.7936775265534217,33749,26005,19613,6392,14136
SB,60,0.6448041813364306,0.7265349329569513,-0.3194687132228364,29101,26001,17765,8236,11336
SB,61,0.7290670096876634,0.6764084069145628,-0.39095823312518835,26178,23576,18137,5439,8041
SB,62,0.7461618294384998,0.26457479051524335,-1.3296313057810112,32068,23818,20850,2968,11218
SB,63,0.6066321058276725,5.028767123287671,1.6151748493543974,16494,28258,13574,14684,2920
SB,64,0.6859348407488451,0.4652959943282524,-0.7650815289623739,36675,29133,22570,6563,14105
SB,65,0.6950175358882247,0.5397132616487456,-0.6167172773993893,38424,32003,24474,7529,13950
SB,66,0.684082603892241,0.34503220204066865,-1.064117527058299,33943,24892,20124,4768,13819
SB,67,0.6570778829520496,0.4463846532218396,-0.8065742474893408,29101,22348,16903,5445,12198
SB,68,0.6426714972040639,0.10373181530676787,-2.2659464093852737,40953,22532,20400,2132,20553
SB,69,0.6471825368046994,0.20944686140459912,-1.5632852166400215,33938,21218,17848,3370,16090
SC,0,0.5899886737202685,3.257601835915089,1.1809912915128955,28329,44069,21357,22712,6972
SC,1,0.6055211947503394,10.063461538461539,2.308911194796735,24677,48242,22077,26165,2600
SC,2,0.5586293576767877,10.636205092431112,2.3642637560484823,23979,51606,21112,30494,2867
SC,3,0.745915443669211,3.8555903866248693,1.3495241435707108,38889,52553,34104,18449,4785
SC,4,0.700387498026068,3.936949559647718,1.3704062000044244,33825,48498,28829,19669,4996
SC,5,0.7046721170607154,3.5010289990645465,1.253056925018643,34047,47415,28702,18713,5345
SC,6,0.7223681831236106,5.005752416014726,1.6105877343384054,38302,55711,33956,21755,4346
SC,7,0.7304406501909846,1.1727855477855478,0.15938172924481084,40606,42385,30310,12075,10296
SC,8,0.698917075729756,11.198886639676113,2.415814366188053,29954,50107,27978,22129,1976
SC,9,0.7368375838926174,2.3575832305795315,0.8576370394959337,41608,51517,34309,17208,7299
SC,10,0.557113474128544,7.581661891117479,2.025732422472474,24560,49827,20721,29106,3839
SC,11,0.6687462030936026,3.326873187852892,1.2020328802452487,35174,50422,28621,21801,6553
SC,12,0.7373088443953965,1.0292281930278582,0.028809194198205,50552,50936,37414,13522,13138
SC,13,0.6593166854961238,6.69806338028169,1.901818436895426,28794,48213,25386,22827,3408
SC,14,0.7319787502053782,4.223953885567891,1.4407716291019168,38097,53198,33413,19785,4684
SC,15,0.6495174218877802,3.785036292573981,1.3310554753702537,29196,44160,23823,20337,5373
SC,16,0.7284726243676453,2.4873701936570307,0.9112260052345469,40462,51061,33336,17725,7126
SC,17,0.6724350205198358,3.2430596574128767,1.1765172229046328,36265,51455,29493,21962,6772
SC,18,0.6469023552739759,9.852471200297288,2.287722306996963,29443,53265,26752,26513,2691
SC,19,0.7247283769585147,2.1115896632732967,0.7474410587447423,39046,47563,31384,16179,7662
SC,20,0.24365328208758977,17.571192052980134,2.8662607458270077,9643,49679,7227,42452,2416
SC,21,0.5757458571449032,15.002701242571582,2.7082302677273478,21950,47869,20099,27770,1851
SC,22,0.7323870724760493,2.3927185914652345,0.8724302054651419,37816,47150,31114,16036,6702
SC,23,0.7286674441812651,2.9814749470712774,1.0924181267522526,35970,47201,30302,16899,5668
SC,24,0.19446555655358252,13.067571644042232,2.5701337142026697,8944,48948,5629,43319,3315
SC,25,0.6613753823436347,12.198355601233299,2.5013011558705003,27028,48820,25082,23738,1946
SC,26,0.6512448972086352,1.7521524620296025,0.5608450104344248,36899,44674,26562,18112,10337
SC,27,0.7854633403876026,1.7438666666666667,0.5561048699647506,45172,50751,37672,13079,7500
SC,28,0.656976532212,3.2001488095238093,1.1631973117006413,33749,48534,27029,21505,6720
SC,29,0.670765539476644,10.64206805125939,2.3648148307467967,29101,50921,26838,24083,2263
SC,30,0.5587851710290149,6.033552902428983,1.7973360416092605,26495,50948,21637,29311,4858
SC,31,0.6753133793809158,3.47689594356261,1.2461399255035865,32068,46112,26398,19714,5670
SC,32,0.711101336119206,2.0473262962533347,0.7165346961515178,40953,49982,32332,17650,8621
SC,33,0.679886866961951,4.249037451872594,1.4466924753730932,37565,56130,31851,24279,5714
SC,34,0.5203746201079203,7.7601246105919,2.0489983921321646,20311,44181,16780,27401,3531
SC,35,0.6450266635752376,1.5291030997959383,0.42468135423280334,33938,39383,23647,15736,10291
SC,36,0.7490019903326699,4.20004712535344,1.4350957455486228,37172,50753,32928,17825,4244
SC,37,0.7445117207319961,2.808235294117647,1.0325562768544678,38965,49724,33015,16709,5950
SC,38,0.7301798800799467,3.9449559647718173,1.372437791947026,38424,53137,33428,19709,4996
SC,39,0.5916775185067868,3.851547253972679,1.3484749517146357,32391,52848,25217,27631,7174
SC,40,0.634207721839169,5.8090344168260035,1.759414363734797,28881,49002,24697,24305,4184
SC,41,0.6200937202229445,5.409381193569699,1.6881347043513388,28294,48317,23753,24564,4541
SC,42,0.6174387317286015,6.621848739495798,1.8903745967463497,24677,44078,21226,22852,3451
SC,43,0.5531588744114748,7.657650490586051,2.0357052122363566,23979,49085,20208,28877,3771
SC,44,0.6890282746116528,3.313338997451147,1.1979564414912096,34007,47621,28122,19499,5885
SC,45,0.6881087992560735,2.083074801792485,0.7338450722401544,38302,47728,29599,18129,8703
SC,46,0.679673849737915,2.883984867591425,1.059172972387933,40606,55546,32676,22870,7930
SC,47,0.6500474359614521,6.177163338453661,1.8208591593710584,29943,50165,26037,24128,3906
SC,48,0.6162814377354648,5.576788830715532,1.7186131323755969,28794,49774,24210,25564,4584
SC,49,0.6867840113027609,1.9787257865860486,0.682453095416067,38097,46838,29166,17672,8931
SC,50,0.6680322794854191,3.273399014778325,1.1858288991115127,36579,52270,29677,22593,6902
SC,51,0.6211307489502979,6.76194048512128,1.9113099028747762,29443,52485,25444,27041,3999
SC,52,0.6991166986026078,1.8212094653812445,0.5995008217970971,39046,46542,29918,16624,9128
SC,53,0.169856336142531,19.14369012911287,2.951973164156271,7349,50912,4948,45964,2401
SC,54,0.5727047982919429,18.45012787723785,2.9150713014781187,21950,49242,20386,28856,1564
SC,55,0.640173514881311,2.573719483006223,0.9453521222740152,34920,48070,26564,21506,8356
SC,56,0.7675322317051027,3.498243148278285,1.2522608848376848,35970,46635,31701,14934,4269
SC,57,0.1937065349626859,11.303962316431145,2.42515331172762,8943,46130,5334,40796,3609
SC,58,0.6030427787242097,37.65668202764977,3.628510415992653,26355,58173,25487,32686,868
SC,59,0.6104844685430658,3.247402847248942,1.1778555529485124,33749,51272,25952,25320,7797
SC,60,0.7082797964742766,13.75243664717349,2.6212160191161447,29101,48727,27562,21165,1539
SC,61,0.5785700946662261,3.857119205298013,1.349920584970441,26178,43435,20138,23297,6040
SC,62,0.6786822940641857,7.20464135021097,1.974725450309814,32068,52655,28750,23905,3318
SC,63,0.4764159186591469,20.971333333333334,3.0431564257887227,16494,46451,14994,31457,1500
SC,64,0.7227717947468447,2.2457566680929966,0.8090425103281573,36675,45409,29664,15745,7011
SC,65,0.6922471285661356,2.116060961313013,0.7495563232753021,38424,47944,29894,18050,8530
SC,66,0.6811427375470909,2.0828379916529656,0.7337313828032813,33943,42505,26036,16469,7907
SC,67,0.6311540191870433,8.639339053066413,2.156326081402122,29101,53142,25954,27188,3147
SC,68,0.6555259424837725,2.066194757987373,0.7257086343993892,40953,52099,30499,21600,10454
SC,69,0.7154467747209118,6.375302663438257,1.8524315665352766,33938,51698,30634,21064,3304

Entry Average
entry,dice,dice_std,fpfn_ratio,fpfn_ratio_std,log_ratio,log_ratio_std,s1,s1_std,s2,s2_std,tp,tp_std,fp,fp_std,fn,fn_std
NA,nan,nan,nan,nan,nan,nan,nan,nan,nan,nan,nan,nan,nan,nan,nan,nan
SG,0.7565510086644295,0.0881261700951773,2.1131355811054306,5.645525138360712,-0.21083800551043733,1.1545177092341146,31673.114285714284,8403.948110506253,30428.85714285714,5550.113206788063,23832.657142857144,6084.015637919496,6596.2,4003.2898920762655,7840.457142857143,3460.193056900209
SF,0.7728359292029654,0.09676145595848167,1.851916507509687,5.50468920503852,-0.4721021025094292,1.187805535122784,31673.114285714284,8403.948110506253,29385.614285714284,5693.925229808789,23979.557142857142,6446.507226255413,5406.057142857143,4049.428498956768,7693.557142857143,3170.834219371094
SJ,0.7179384373290701,0.0673731177545606,0.3759225975825644,1.1517456673353965,-2.6832543716476236,1.5891147882975523,31673.114285714284,8403.948110506253,20217.47142857143,3694.5213365639843,18750.3,4506.6388341455295,1467.1714285714286,2100.9848912996467,12922.814285714287,5003.479353104075
SL,0.6794268446896473,0.09193830316382562,0.4028374118497431,0.9369175949756806,-2.2343232459995557,1.4761378456473917,31673.114285714284,8403.948110506253,20244.285714285714,1836.5716130322603,17794.014285714286,3748.0318854142147,2450.2714285714287,3384.890434696219,13879.1,5454.329554583222
SE,0.714871738244022,0.08365677520698732,0.6928006422020925,1.3918194026535506,-1.2830934721939602,1.2699607050905237,31673.114285714284,8403.948110506253,23964.414285714287,2710.691205962353,20103.6,4440.661393467032,3860.8142857142857,3271.3490414849484,11569.514285714286,4938.554701075022
SH,0.6480408418998522,0.13751940402243068,0.4723700202434149,0.9203098236841211,-2.144835314294813,1.9094329388024736,31673.114285714284,8403.948110506253,20847.242857142857,6968.389538143381,17663.52857142857,6769.272161173668,3183.714285714286,3480.758329292451,14009.585714285715,5938.711552163139
BD,0.6560084953813459,0.10712695210185973,0.215865580782451,0.42026696472290603,-2.4780444719412533,1.3301794844036376,31673.114285714284,8403.948110506253,18753.27142857143,5780.164671211931,16978.842857142856,5919.033539923109,1774.4285714285713,1711.5530255249682,14694.271428571428,5315.438143267022
SD,0.6954398556697892,0.10580941279296326,0.3309565729208571,0.8431191402236627,-2.182072130189431,1.4279174470331066,31673.114285714284,8403.948110506253,20758.985714285714,4875.694779773464,18611.657142857144,5518.584634502154,2147.3285714285716,2212.324509401358,13061.457142857143,5127.877880999993
BM,0.7058366159755292,0.10836331811281119,0.3069607162329746,0.8430138928184355,-2.3058538816990852,1.5119778009575375,31673.114285714284,8403.948110506253,20749.185714285715,6604.225706303193,18931.657142857144,6522.355599640614,1817.5285714285715,1642.822907779938,12741.457142857143,5503.608449231193
SI,0.7384622668653708,0.08150055357040673,2.3173204483462504,5.191306665815627,0.07226207142090695,1.0199401659525043,31673.114285714284,8403.948110506253,31804.1,4464.940432013463,23759.22857142857,5714.296365061503,8044.871428571429,3771.5106140697544,7913.885714285714,3529.1808177084995
SK,0.7246973956351498,0.10807382215171712,2.15665953239029,4.050851900599534,-0.18412935991628346,1.3198374885115542,31673.114285714284,8403.948110506253,30490.6,6118.654017253888,22897.157142857144,5938.828411722092,7593.442857142857,5701.315819642526,8775.957142857143,5051.989575364525
SA,0.6614790981651663,0.08965967889361569,3.8005517051589828,7.616238946112479,0.7321229717299171,0.9003690968051734,31673.114285714284,8403.948110506253,38538.58571428571,3282.3391288742205,23554.35714285714,5233.573209947249,14984.228571428572,4633.9776470619045,8118.757142857143,3938.6517252035596
SB,0.6805378340395966,0.07926796693515227,1.1935095398889783,2.315195626166979,-0.6828712074016168,1.1528229273706647,31673.114285714284,8403.948110506253,26186.685714285715,4512.895353612032,19921.242857142857,4789.083256847849,6265.442857142857,4238.00774837731,11751.871428571429,5134.698713991834
SC,0.6371091619039576,0.12418042172368579,6.347580281310112,5.963704704909836,1.5377649286945714,0.7562543099433053,31673.114285714284,8403.948110506253,49198.54285714286,3431.0240690570768,26244.2,6839.408900106583,22954.342857142856,6776.734082528701,5428.914285714286,2612.191437651302
